   0.0000000000000000          9.9999997764825821E-003     9.9997497785826710E-003
   9.9999997764825821E-003     1.9999499557165346E-002     1.9998499590565280E-002
   1.9999999552965164E-002     2.9997499400447807E-002     2.9995249569343595E-002
   2.9999999329447746E-002     3.9992999514721975E-002     3.9989000048295018E-002
   3.9999999105930328E-002     4.9985000358350656E-002     4.9978751660744433E-002
   4.9999998882412910E-002     5.9972502739620799E-002     5.9963505439900013E-002
   5.9999998658895493E-002     6.9954507916661815E-002     6.9942262918749082E-002
   6.9999998435378075E-002     7.9930017697318931E-002     7.9914026229903956E-002
   7.9999998211860657E-002     8.9898034538971563E-002     8.9877798205387882E-002
   8.9999997988343239E-002     9.9857561648286769E-002     9.9832582476350962E-002
   9.9999997764825821E-002    0.10980760308089771         0.10977738357270622     
  0.10999999754130840         0.11974716384099729         0.11971120702267579     
  0.11999999731779099         0.12967524998083685         0.12963305945223724     
  0.12999999709427357         0.13959086870012019         0.13954194868446015     
  0.13999999687075615         0.14949302844528267         0.14943688383872297     
  0.14999999664723873         0.15938073900864583         0.15931687542980028     
  0.15999999642372131         0.16925301162743728         0.16918093546681040     
  0.16999999620020390         0.17910885908266611         0.17902807755201378     
  0.17999999597668648         0.18894729579784403         0.18885731697945182     
  0.18999999575316906         0.19876733793754220         0.19866767083341674     
  0.19999999552965164         0.20856800350577387         0.20845815808674226     
  0.20999999530613422         0.21834831244419323         0.21822779969890552     
  0.21999999508261681         0.22810728673010039         0.22797561871393032     
  0.22999999485909939         0.23784395047424284         0.23770064035808189     
  0.23999999463558197         0.24755733001840355         0.24740189213734345     
  0.24999999441206455         0.25724645403276597         0.25707840393466480     
  0.25999999418854713         0.26691035361304621         0.26672920810697315     
  0.26999999396502972         0.27654806237738272         0.27635333958193675     
  0.27999999374151230         0.28615861656297348         0.28594983595447127     
  0.28999999351799488         0.29574105512245169         0.29551773758297933     
  0.29999999329447746         0.30529441981998956         0.30505608768531411     
  0.30999999307096004         0.31481775532712120         0.31456393243445657     
  0.31999999284744263         0.32431010931827453         0.32404032105389752     
  0.32999999262392521         0.33377053256600309         0.33348430591271433     
  0.33999999240040779         0.34319807903590810         0.34289494262033332     
  0.34999999217689037         0.35259180598124101         0.35227129012096792     
  0.35999999195337296         0.36195077403717729         0.36161241078772360     
  0.36999999172985554         0.37127404731475233         0.37091737051635970     
  0.37999999150633812         0.38056069349444943         0.38018523881869903     
  0.38999999128282070         0.38980978391943100         0.38941508891567600     
  0.39999999105930328         0.39902039368840336         0.39860599783001371     
  0.40999999083578587         0.40819160174810637         0.40775704647852085     
  0.41999999061226845         0.41732249098541763         0.41686731976399932     
  0.42999999038875103         0.42641214831906327         0.42593590666675318     
  0.43999999016523361         0.43545966479092529         0.43496190033568982     
  0.44999998994171619         0.44446413565693654         0.44394439817900433     
  0.45999998971819878         0.45342466047755431         0.45288250195443791     
  0.46999998949468136         0.46234034320780371         0.46177531785910136     
  0.47999998927116394         0.47121029228688127         0.47062195661885470     
  0.48999998904764652         0.48003362072731032         0.47942153357723361     
  0.49999998882412910         0.48880944620363903         0.48817316878391454     
  0.50999998860061169         0.49753689114067218         0.49687598708270897     
  0.51999998837709427         0.50621508280122784         0.50552911819907820     
  0.52999998815357685         0.51484315337341069         0.51413169682716031     
  0.53999998793005943         0.52342024005739196         0.52268286271629960     
  0.54999998770654202         0.53194548515168927         0.53118176075707146     
  0.55999998748302460         0.54041803613893558         0.53962754106679212     
  0.56999998725950718         0.54883704577113046         0.54801935907450650     
  0.57999998703598976         0.55720167215436422         0.55635637560544449     
  0.58999998681247234         0.56551107883300644         0.56463775696493779     
  0.59999998658895493         0.57376443487335083         0.57286267502178856     
  0.60999998636543751         0.58196091494670799         0.58103030729108196     
  0.61999998614192009         0.59009969941193763         0.58913983701643391     
  0.62999998591840267         0.59817997439741188         0.59719045325166609     
  0.63999998569488525         0.60620093188240198         0.60518135094189973     
  0.64999998547136784         0.61416176977787929         0.61311173100406069     
  0.65999998524785042         0.62206169200672379         0.62098080040678671     
  0.66999998502433300         0.62989990858333123         0.62878777224973026     
  0.67999998480081558         0.63767563569261088         0.63653186584224775     
  0.68999998457729816         0.64538809576836620         0.64421230678146790     
  0.69999998435378075         0.65303651757105119         0.65182832702973159     
  0.70999998413026333         0.66062013626489346         0.65937916499139460     
  0.71999998390674591         0.66813819349437720         0.66686406558898692     
  0.72999998368322849         0.67558993746007800         0.67428228033871962     
  0.73999998345971107         0.68297462299384248         0.68163306742533269     
  0.74999998323619366         0.69029151163330404         0.68891569177627598     
  0.75999998301267624         0.69753987169572895         0.69612942513521570     
  0.76999998278915882         0.70471897835118358         0.70327354613485971     
  0.77999998256564140         0.71182811369501708         0.71034734036909342     
  0.78999998234212399         0.71886656681965100         0.71735010046441983     
  0.79999998211860657         0.72583363388566979         0.72428112615069629     
  0.80999998189508915         0.73272861819220392         0.73113972433116103     
  0.81999998167157173         0.73955083024659929         0.73792520915174209     
  0.82999998144805431         0.74629958783336614         0.74463690206964239     
  0.83999998122453690         0.75297421608239989         0.75127413192119308     
  0.84999998100101948         0.75957404753646762         0.75783623498896979     
  0.85999998077750206         0.76609842221795332         0.76432255506816338     
  0.86999998055398464         0.77254668769485491         0.77073244353220027     
  0.87999998033046722         0.77891819914602711         0.77706525939760418     
  0.88999998010694981         0.78521231942566283         0.78332036938809424     
  0.89999997988343239         0.79142841912700734         0.78949714799791193     
  0.90999997965991497         0.79756587664529832         0.79559497755437125     
  0.91999997943639755         0.80362407823992599         0.80161324827962521     
  0.92999997921288013         0.80960241809580635         0.80755135835164349     
  0.93999997898936272         0.81550029838396254         0.81340871396439385     
  0.94999997876584530         0.82131712932130696         0.81918472938722220     
  0.95999997854232788         0.82705232922961924         0.82487882702342552     
  0.96999997831881046         0.83270532459371349         0.83049043746801066     
  0.97999997809529305         0.83827555011878940         0.83601899956463455     
  0.98999997787177563         0.84376244878696127         0.84146396046171934     
  0.99999997764825821         0.84916547191295910         0.84682477566773717     
   1.0099999774247408         0.85448407919899705         0.85210090910565872     
   1.0199999772012234         0.85971773878880231         0.85729183316656055     
   1.0299999769777060         0.86486592732080081         0.86239702876238555     
   1.0399999767541885         0.86992812998045244         0.86741598537785125     
   1.0499999765306711         0.87490384055173231         0.87234820112150102     
   1.0599999763071537         0.87979256146775198         0.87719318277589275     
   1.0699999760836363         0.88459380386051567         0.88195044584692006     
   1.0799999758601189         0.88930708760980648         0.88661951461226141     
   1.0899999756366014         0.89393194139119836         0.89119992216895216     
   1.0999999754130840         0.89846790272318788         0.89569121048007405     
   1.1099999751895666         0.90291451801344202         0.90009293042055871     
   1.1199999749660492         0.90727134260415720         0.90440464182210001     
   1.1299999747425318         0.91153794081652451         0.90862591351717004     
   1.1399999745190144         0.91571388599429726         0.91275632338213586     
   1.1499999742954969         0.91979876054645615         0.91679545837947152     
   1.1599999740719795         0.92379215598896847         0.92074291459906121     
   1.1699999738484621         0.92769367298563554         0.92459829729859011     
   1.1799999736249447         0.93150292138802637         0.92836122094301843     
   1.1899999734014273         0.93521952027449218         0.93203130924313426     
   1.1999999731779099         0.93884309798825805         0.93560819519318239     
   1.2099999729543924         0.94237329217458843         0.93909152110756444     
   1.2199999727308750         0.94580974981702226         0.94248093865660743     
   1.2299999725073576         0.94915212727267440         0.94577610890139607     
   1.2399999722838402         0.95240009030659956         0.94897670232766662     
   1.2499999720603228         0.95555331412521538         0.95208239887875779     
   1.2599999718368053         0.95861148340878188         0.95509288798761649     
   1.2699999716132879         0.96157429234293290         0.95800786860785414     
   1.2799999713897705         0.96444144464925718         0.96082704924385076     
   1.2899999711662531         0.96721265361492614         0.96355014797990468     
   1.2999999709427357         0.96988764212136502         0.96617689250842376     
   1.3099999707192183         0.97246614267196430         0.96870702015715571     
   1.3199999704957008         0.97494789741882903         0.97114027791545554     
   1.3299999702721834         0.97733265818856396         0.97347642245958599     
   1.3399999700486660         0.97962018650708993         0.97571522017704981     
   1.3499999698251486         0.98181025362349161         0.97785644718995091     
   1.3599999696016312         0.98390264053289223         0.97989988937738204     
   1.3699999693781137         0.98589713799835377         0.98184534239683630     
   1.3799999691545963         0.98779354657180074         0.98369261170464173     
   1.3899999689310789         0.98959167661396463         0.98544151257541523     
   1.3999999687075615         0.99129134831334764         0.98709187012053490     
   1.4099999684840441         0.99289239170420385         0.98864351930562888     
   1.4199999682605267         0.99439464668353550         0.99009630496707868     
   1.4299999680370092         0.99579796302710333         0.99145008182753525     
   1.4399999678134918         0.99710220040444864         0.99270471451044673     
   1.4499999675899744         0.99830722839292640         0.99386007755359607     
   1.4599999673664570         0.99941292649074731         0.99491605542164685     
   1.4699999671429396          1.0004191841290280         0.99587254251769697     
   1.4799999669194221          1.0013259006828474         0.99672944319383816     
   1.4899999666959047          1.0021329854813101         0.99748667176072070     
   1.4999999664723873          1.0028403578166125         0.99814415249612232     
   1.5099999662488699          1.0034479469521134         0.99870181965252025     
   1.5199999660253525          1.0039556921294084         0.99915961746366622     
   1.5299999658018351          1.0043635425744053         0.99951750015016261     
   1.5399999655783176          1.0046714575024012         0.99977543192404050     
   1.5499999653548002          1.0048794061221611         0.99993338699233869     
   1.5599999651312828          1.0049873676389975         0.99999134955968272     
   1.5699999649077654          1.0049953312568491         0.99994931382986429     
   1.5799999646842480          1.0049032961793607         0.99980728400642127     
   1.5899999644607306          1.0047112716099631         0.99956527429221698     
   1.5999999642372131          1.0044192767509521         0.99922330888802002     
   1.6099999640136957          1.0040273408015692         0.99878142199008446     
   1.6199999637901783          1.0035355029550810         0.99823965778672974     
   1.6299999635666609          1.0029438123948600         0.99759807045392235     
   1.6399999633431435          1.0022523282894664         0.99685672414985804     
   1.6499999631196260          1.0014611197867316         0.99601569300854620     
   1.6599999628961086          1.0005702660068427         0.99507506113239630     
   1.6699999626725912         0.99957985603443167         0.99403492258380788     
   1.6799999624490738         0.99848998890966578         0.99289538137576427     
   1.6899999622255564         0.99730077361834457         0.99165655146143172     
   1.6999999620020390         0.99601232908100068         0.99031855672276370     
   1.7099999617785215         0.99462478414100852         0.98888153095811315     
   1.7199999615550041         0.99313827755169948         0.98734561786885255     
   1.7299999613314867         0.99155295796248721         0.98571097104500405     
   1.7399999611079693         0.98986898390400235         0.98397775394988052     
   1.7499999608844519         0.98808652377224004         0.98214613990373933     
   1.7599999606609344         0.98620575581171999         0.98021631206645066     
   1.7699999604374170         0.98422686809766258         0.97818846341918131     
   1.7799999602138996         0.98215005851718129         0.97606279674509722     
   1.7899999599903822         0.97997553474949428         0.97383952460908485     
   1.7999999597668648         0.97770351424515645         0.97151886933649512     
   1.8099999595433474         0.97533422420431470         0.96910106299091103     
   1.8199999593198299         0.97286790155398817         0.96658634735094151     
   1.8299999590963125         0.97030479292437566         0.96397497388604370     
   1.8399999588727951         0.96764515462419265         0.96126720373137642     
   1.8499999586492777         0.96488925261504099         0.95846330766168641     
   1.8599999584257603         0.96203736248481264         0.95556356606423154     
   1.8699999582022429         0.95908976942013136         0.95256826891074220     
   1.8799999579787254         0.95604676817783407         0.94947771572842432     
   1.8899999577552080         0.95290866305549560         0.94629221557000676     
   1.8999999575316906         0.94967576786099905         0.94301208698283667     
   1.9099999573081732         0.94634840588115543         0.93963765797702459     
   1.9199999570846558         0.94292690984937488         0.93616926599264405     
   1.9299999568611383         0.93941162191239425         0.93260725786598764     
   1.9399999566376209         0.93580289359606195         0.92895198979488369     
   1.9499999564141035         0.93210108577018636         0.92520382730307704     
   1.9599999561905861         0.92830656861244865         0.92136314520367657     
   1.9699999559670687         0.92441972157138552         0.91743032756167453     
   1.9799999557435513         0.92044093332844468         0.91340576765554027     
   1.9899999555200338         0.91637060175911700         0.90928986793789257     
   1.9999999552965164         0.91220913389314928         0.90508303999525486     
   2.0099999550729990         0.90795694587384157         0.90078570450689699     
   2.0199999548494816         0.90361446291643344         0.89639829120276737     
   2.0299999546259642         0.89918211926558245         0.89192123882052077     
   2.0399999544024467         0.89466035815194023         0.88735499506164439     
   2.0499999541789293         0.89004963174782981         0.88270001654668862     
   2.0599999539554119         0.88535040112202879         0.87795676876960504     
   2.0699999537318945         0.88056313619366267         0.87312572605119743     
   2.0799999535083771         0.87568831568521355         0.86820737149169014     
   2.0899999532848597         0.87072642707464809         0.86320219692241851     
   2.0999999530613422         0.86567796654667029         0.85811070285664615     
   2.1099999528378248         0.86054343894310337         0.85293339843951399     
   2.1199999526143074         0.85532335771240597         0.84767080139712614     
   2.1299999523907900         0.85001824485832778         0.84232343798477793     
   2.1399999521672726         0.84462863088770956         0.83689184293433050     
   2.1499999519437551         0.83915505475743291         0.83137655940073829     
   2.1599999517202377         0.83359806382052515         0.82577813890773399     
   2.1699999514967203         0.82795821377142431         0.82009714129267652     
   2.1799999512732029         0.82223606859041021         0.81433413465056792     
   2.1899999510496855         0.81643220048720699         0.80848969527724401     
   2.1999999508261681         0.81054718984376239         0.80256440761174574     
   2.2099999506026506         0.80458162515621046         0.79655886417787547     
   2.2199999503791332         0.79853610297602184         0.79047366552494502     
   2.2299999501556158         0.79241122785034968         0.78430942016772165     
   2.2399999499320984         0.78620761226157498         0.77806674452557656     
   2.2499999497085810         0.77992587656605938         0.77174626286084380     
   2.2599999494850636         0.77356664893210958         0.76534860721639464     
   2.2699999492615461         0.76713056527716117         0.75887441735243355     
   2.2799999490380287         0.76061826920418740         0.75232434068252285     
   2.2899999488145113         0.75403041193733966         0.74569903220884182     
   2.2999999485909939         0.74736765225682533         0.73899915445668718     
   2.3099999483674765         0.74063065643303039         0.73222537740822102     
   2.3199999481439590         0.73382009815989291         0.72537837843547304     
   2.3299999479204416         0.72693665848753442         0.71845884223260414     
   2.3399999476969242         0.71998102575415512         0.71146746074743739     
   2.3499999474734068         0.71295389551720090         0.70440493311226393     
   2.3599999472498894         0.70585597048380810         0.69727196557393023     
   2.3699999470263720         0.69868796044053350         0.69006927142321417     
   2.3799999468028545         0.69145058218237598         0.68279757092349647     
   2.3899999465793371         0.68414455944109798         0.67545759123873472     
   2.3999999463558197         0.67677062281285250         0.66805006636074804     
   2.4099999461323023         0.66932950968512461         0.66057573703581818     
   2.4199999459087849         0.66182196416299288         0.65303535069061569     
   2.4299999456852674         0.65424873699471964         0.64542966135745772     
   2.4399999454617500         0.64661058549667683         0.63775942959890541     
   2.4499999452382326         0.63890827347761503         0.63002542243170867     
   2.4599999450147152         0.63114257116228323         0.62222841325010458     
   2.4699999447911978         0.62331425511440675         0.61436918174847888     
   2.4799999445676804         0.61542410815903192         0.60644851384339737     
   2.4899999443441629         0.60747291930424385         0.59846720159501465     
   2.4999999441206455         0.59946148366226648         0.59042604312786873     
   2.5099999438971281         0.59139060236995200         0.58232584255106945     
   2.5199999436736107         0.58326108250866793         0.57416740987788806     
   2.5299999434500933         0.57507373702358933         0.56595156094475685     
   2.5399999432265759         0.56682938464240551         0.55767911732968589     
   2.5499999430030584         0.55852884979344741         0.54935090627010597     
   2.5599999427795410         0.55017296252324566         0.54096776058014573     
   2.5699999425560236         0.54176255841352683         0.53253051856735067     
   2.5799999423325062         0.53329847849765555         0.52404002394885341     
   2.5899999421089888         0.52478156917653229         0.51549712576700235     
   2.5999999418854713         0.51621268213395355         0.50690267830445856     
   2.6099999416619539         0.50759267425144472         0.49825754099876779     
   2.6199999414384365         0.49892240752257211         0.48956257835641775     
   2.6299999412149191         0.49020274896674465         0.48081865986638800     
   2.6399999409914017         0.48143457054251260         0.47202665991320186     
   2.6499999407678843         0.47261874906037238         0.46318745768948877     
   2.6599999405443668         0.46375616609508635         0.45430193710806555     
   2.6699999403208494         0.45484770789752593         0.44537098671354602     
   2.6799999400973320         0.44589426530604737         0.43639549959348733     
   2.6899999398738146         0.43689673365740861         0.42737637328908185     
   2.6999999396502972         0.42785601269723639         0.41831450970540374     
   2.7099999394267797         0.41877300649005234         0.40921081502121931     
   2.7199999392032623         0.40964862332886748         0.40006619959836992     
   2.7299999389797449         0.40048377564435356         0.39088157789073646     
   2.7399999387562275         0.39127937991360062         0.38165786835279486     
   2.7499999385327101         0.38203635656847035         0.37239599334777124     
   2.7599999383091927         0.37275562990355343         0.36309687905540655     
   2.7699999380856752         0.36343812798374092         0.35376145537933917     
   2.7799999378621578         0.35408478255141868         0.34439065585411549     
   2.7899999376386404         0.34469652893329361         0.33498541755183719     
   2.7999999374151230         0.33527430594686208         0.32554668098845474     
   2.8099999371916056         0.32581905580652876         0.31607539002971674     
   2.8199999369680882         0.31633172402938609         0.30657249179678397     
   2.8299999367445707         0.30681325934066328         0.29703893657151825     
   2.8399999365210533         0.29726461357885464         0.28747567770145482     
   2.8499999362975359         0.28768674160053648         0.27788367150446863     
   2.8599999360740185         0.27808060118488226         0.26826387717314315     
   2.8699999358505011         0.26844715293788551         0.25861725667885205     
   2.8799999356269836         0.25878736019630005         0.24894477467556281     
   2.8899999354034662         0.24910218893130706         0.23924739840337217     
   2.8999999351799488         0.23939260765191878         0.22952609759178286     
   2.9099999349564314         0.22965958730812844         0.21978184436273152     
   2.9199999347329140         0.21990410119381609         0.21001561313337733     
   2.9299999345093966         0.21012712484942003         0.20022838051866104     
   2.9399999342858791         0.20032963596438352         0.19042112523364441     
   2.9499999340623617         0.19051261427938673         0.18059482799563936     
   2.9599999338388443         0.18067704148837346         0.17075047142613725     
   2.9699999336153269         0.17082390114038254         0.16088903995254744     
   2.9799999333918095         0.16095417854119382         0.15101151970975532     
   2.9899999331682920         0.15106886065479833         0.14111889844150982     
   2.9999999329447746         0.14116893600470279         0.13121216540164971     
   3.0099999327212572         0.13125539457507807         0.12129231125517907     
   3.0199999324977398         0.12132922771176152         0.11136032797920173     
   3.0299999322742224         0.11139142802312335         0.10141720876372423     
   3.0399999320507050         0.10144298928080653          9.1463947912337779E-002
   3.0499999318271875          9.1484906320350459E-002     8.1501540742788675E-002
   3.0599999316036701          8.1518174941708307E-002     7.1530983487447353E-002
   3.0699999313801527          7.1543791809667800E-002     6.1553273193685996E-002
   3.0799999311566353          6.1562754354185595E-002     5.1569407624174654E-002
   3.0899999309331179          5.1576060670645116E-002     4.1580385157105784E-002
   3.0999999307096004          4.1584709420047862E-002     3.1587204686357284E-002
   3.1099999304860830          3.1589699729148130E-002     2.1590865521603941E-002
   3.1199999302625656          2.1592031090541176E-002     1.1592367288387282E-002
   3.1299999300390482          1.1592703262714809E-002     1.5927098281538783E-003
   3.1399999298155308          1.5927161700743670E-003    -8.4071069017279676E-003
   3.1499999295920134         -8.4069301970488824E-003    -1.8406082927963120E-002
   3.1599999293684959         -1.8405235882395940E-002    -2.8403218361326109E-002
   3.1699999291449785         -2.8401201063774861E-002    -3.8397513496649202E-002
   3.1799999289214611         -3.8393826153042133E-002    -4.8387968912792102E-002
   3.1899999286979437         -4.8382111896060662E-002    -5.8373585572583202E-002
   3.1999999284744263         -5.8365059472624339E-002    -6.8353364922722482E-002
   3.2099999282509089         -6.8341670596339221E-002    -7.8326308993635990E-002
   3.2199999280273914         -7.8310947614451357E-002    -8.8291420499271994E-002
   3.2299999278038740         -8.8271893607611215E-002    -9.8247702936828690E-002
   3.2399999275803566         -9.8223512489564749E-002   -0.10819416068640371     
   3.2499999273568392        -0.10816480910676125        -0.11812979911055524     
   3.2599999271333218        -0.11809478933786782        -0.12805362465376496     
   3.2699999269098043        -0.12801246019318069        -0.13796464494179275     
   3.2799999266862869        -0.13791682991392337        -0.14786186888091324     
   3.2899999264627695        -0.14780690807142169        -0.15774430675702444     
   3.2999999262392521        -0.15768170566614578        -0.16761097033461825     
   3.3099999260157347        -0.16754023522660930        -0.17746087295560320     
   3.3199999257922173        -0.17738151090811569        -0.18729302963796945     
   3.3299999255686998        -0.18720454859134184        -0.19710645717428618     
   3.3399999253451824        -0.19700836598074914        -0.20690017423002144     
   3.3499999251216650        -0.20679198270281232        -0.21667320144167482     
   3.3599999248981476        -0.21655442040405590        -0.22642456151471302     
   3.3699999246746302        -0.22629470284888872        -0.23615327932129843     
   3.3799999244511127        -0.23601185601722674        -0.24585838199780113     
   3.3899999242275953        -0.24570490820189414        -0.25553889904208443     
   3.3999999240040779        -0.25537289010579328        -0.26519386241055420     
   3.4099999237805605        -0.26501483493883365        -0.27482230661496254     
   3.4199999235570431        -0.27462977851460996        -0.28442326881895574     
   3.4299999233335257        -0.28421675934682006        -0.29399578893435713     
   3.4399999231100082        -0.29377481874541267        -0.30353890971717495     
   3.4499999228864908        -0.30330300091245571        -0.31305167686332624     
   3.4599999226629734        -0.31280035303771520        -0.32253313910406617     
   3.4699999224394560        -0.32226592539393550        -0.33198234830111417     
   3.4799999222159386        -0.33169877143181126        -0.34139835954146719     
   3.4899999219924212        -0.34109794787464154        -0.35078023123188989     
   3.4999999217689037        -0.35046251481265667        -0.36012702519307338     
   3.5099999215453863        -0.35979153579700845        -0.36943780675345228     
   3.5199999213218689        -0.36908407793341441        -0.37871164484267111     
   3.5299999210983515        -0.37833921197544612        -0.38794761208469059     
   3.5399999208748341        -0.38755601241745341        -0.39714478489052446     
   3.5499999206513166        -0.39673355758711387        -0.40630224355059752     
   3.5599999204277992        -0.40587092973759947        -0.41541907232671582     
   3.5699999202042818        -0.41496721513935053        -0.42449435954363990     
   3.5799999199807644        -0.42402150417144768        -0.43352719768025139     
   3.5899999197572470        -0.43303289141257345        -0.44251668346030426     
   3.5999999195337296        -0.44200047573155343        -0.45146191794275198     
   3.6099999193102121        -0.45092336037746883        -0.46036200661164056     
   3.6199999190866947        -0.45980065306933060        -0.46921605946555967     
   3.6299999188631773        -0.46863146608530704        -0.47802319110664182     
   3.6399999186396599        -0.47741491635149491        -0.48678252082910151     
   3.6499999184161425        -0.48615012553022646        -0.49549317270730509     
   3.6599999181926250        -0.49483622010790212        -0.50415427568336257     
   3.6699999179691076        -0.50347233148234138        -0.51276496365423252     
   3.6799999177455902        -0.51205759604964207        -0.52132437555833200     
   3.6899999175220728        -0.52059115529054034        -0.52983165546164168     
   3.6999999172985554        -0.52907215585626144        -0.53828595264329859     
   3.7099999170750380        -0.53749974965385416        -0.54668642168066761     
   3.7199999168515205        -0.54587309393099936        -0.55503222253388285     
   3.7299999166280031        -0.55419135136028463        -0.56332252062985111     
   3.7399999164044857        -0.56245369012293600        -0.57155648694570849     
   3.7499999161809683        -0.57065928399199939        -0.57973329809172180     
   3.7599999159574509        -0.57880731241496264        -0.58785213639362699     
   3.7699999157339334        -0.58689696059580976        -0.59591218997439577     
   3.7799999155104160        -0.59492741957650030        -0.60391265283542284     
   3.7899999152868986        -0.60289788631786401        -0.61185272493712495     
   3.7999999150633812        -0.61080756377990453        -0.61973161227894402     
   3.8099999148398638        -0.61865566100150227        -0.62754852697874686     
   3.8199999146163464        -0.62644139317951031        -0.63530268735161255     
   3.8299999143928289        -0.63416398174723365        -0.64299331798800019     
   3.8399999141693115        -0.64182265445228559        -0.65061964983128939     
   3.8499999139457941        -0.64941664543381206        -0.65818092025468511     
   3.8599999137222767        -0.65694519529907702        -0.66567637313747985     
   3.8699999134987593        -0.66440755119940154        -0.67310525894066509     
   3.8799999132752419        -0.67180296690544750        -0.68046683478188441     
   3.8899999130517244        -0.67913070288184019        -0.68776036450972122     
   3.8999999128282070        -0.68639002636112112        -0.69498511877731328     
   3.9099999126046896        -0.69358021141702431        -0.70214037511528671     
   3.9199999123811722        -0.70070053903706797        -0.70922541800400241     
   3.9299999121576548        -0.70775029719445559        -0.71623953894510728     
   3.9399999119341373        -0.71472878091927772        -0.72318203653238378     
   3.9499999117106199        -0.72163529236900847        -0.73005221652188956     
   3.9599999114871025        -0.72846914089828918        -0.73684939190138143     
   3.9699999112635851        -0.73522964312799233        -0.74357288295901625     
   3.9799999110400677        -0.74191612301355880        -0.75022201735132110     
   3.9899999108165503        -0.74852791191260204        -0.75679613017042746     
   3.9999999105930328        -0.75506434865177152        -0.76329456401056128     
   4.0099999103695154        -0.76152477959286957        -0.76971666903378277     
   4.0199999101459980        -0.76790855869821462        -0.77606180303497019     
   4.0299999099224806        -0.77421504759524440        -0.78232933150603934     
   4.0399999096989632        -0.78044361564035292        -0.78851862769939407     
   4.0499999094754457        -0.78659363998195386        -0.79462907269060035     
   4.0599999092519283        -0.79266450562276558        -0.80066005544027852     
   4.0699999090284109        -0.79865560548131020        -0.80661097285520633     
   4.0799999088048935        -0.80456634045262121        -0.81248122984862792     
   4.0899999085813761        -0.81039611946815349        -0.81827023939976207     
   4.0999999083578587        -0.81614435955488962        -0.82397742261250373     
   4.1099999081343412        -0.82181048589363692        -0.82960220877331314     
   4.1199999079108238        -0.82739393187650856        -0.83514403540828663     
   4.1299999076873064        -0.83289413916358401        -0.84060234833940373     
   4.1399999074637890        -0.83831055773874263        -0.84597660173994416     
   4.1499999072402716        -0.84364264596466487        -0.85126625818907053     
   4.1599999070167542        -0.84888987063699539        -0.85647078872556959     
   4.1699999067932367        -0.85405170703766298        -0.86158967290074795     
   4.1799999065697193        -0.85912763898735223        -0.86662239883047687     
   4.1899999063462019        -0.86411715889712071        -0.87156846324637971     
   4.1999999061226845        -0.86901976781915780        -0.87642737154615868     
   4.2099999058991671        -0.87383497549667866        -0.88119863784305463     
   4.2199999056756496        -0.87856230041294969        -0.88588178501443515     
   4.2299999054521322        -0.88320126983943981        -0.89047634474950677     
   4.2399999052286148        -0.88775141988309292        -0.89498185759614524     
   4.2499999050050974        -0.89221229553271675        -0.89939787300684060     
   4.2599999047815800        -0.89658345070448364        -0.90372394938375156     
   4.2699999045580626        -0.90086444828653867        -0.90795965412286483     
   4.2799999043345451        -0.90505486018271020        -0.91210456365725523     
   4.2899999041110277        -0.90915426735531935        -0.91615826349944185     
   4.2999999038875103        -0.91316225986708333        -0.92012034828283662     
   4.3099999036639929        -0.91707843692210889        -0.92399042180228075     
   4.3199999034404755        -0.92090240690597147        -0.92776809705366459     
   4.3299999032169580        -0.92463378742487645        -0.93145299627262790     
   4.3399999029934406        -0.92827220534389809        -0.93504475097233608     
   4.3499999027699232        -0.93181729682429271        -0.93854300198032825     
   4.3599999025464058        -0.93526870735988243        -0.94194739947443451     
   4.3699999023228884        -0.93862609181250523        -0.94525760301775763     
   4.3799999020993710        -0.94188911444652867        -0.94847328159271660     
   4.3899999018758535        -0.94505744896242316        -0.95159411363414803     
   4.3999999016523361        -0.94813077852939154        -0.95461978706146233     
   4.4099999014288187        -0.95110879581705188        -0.95754999930985174     
   4.4199999012053013        -0.95399120302617035        -0.96038445736054634     
   4.4299999009817839        -0.95677771191844108        -0.96312287777011585     
   4.4399999007582664        -0.95946804384530926        -0.96576498669881339     
   4.4499999005347490        -0.96206192977583627        -0.96831051993795980     
   4.4599999003112316        -0.96455911032360209        -0.97075922293636374     
   4.4699999000877142        -0.96695933577264415        -0.97311085082577697     
   4.4799998998641968        -0.96926236610242844        -0.97536516844538068     
   4.4899998996406794        -0.97146797101185156        -0.97752195036530165     
   4.4999998994171619        -0.97357592994227038        -0.97958098090915480     
   4.5099998991936445        -0.97558603209955785        -0.98154205417561069     
   4.5199998989701271        -0.97749807647518228        -0.98340497405898586     
   4.5299998987466097        -0.97931187186630808        -0.98516955426885255     
   4.5399998985230923        -0.98102723689491578        -0.98683561834866829     
   4.5499998982995749        -0.98264400002593955        -0.98840299969342083     
   4.5599998980760574        -0.98416199958442085        -0.98987154156628887     
   4.5699998978525400        -0.98558108377167564        -0.99124109711431552     
   4.5799998976290226        -0.98690111068047415        -0.99251152938309328     
   4.5899998974055052        -0.98812194830923128        -0.99368271133045982     
   4.5999998971819878        -0.98924347457520712        -0.99475452583920143     
   4.6099998969584703        -0.99026557732671461        -0.99572686572876534     
   4.6199998967349529        -0.99118815435433494        -0.99659963376597716     
   4.6299998965114355        -0.99201111340113823        -0.99737274267476439     
   4.6399998962879181        -0.99273437217190930        -0.99804611514488384     
   4.6499998960644007        -0.99335785834137702        -0.99861968383965261     
   4.6599998958408833        -0.99388150956144683        -0.99909339140268183     
   4.6699998956173658        -0.99430527346743547        -0.99946719046361210     
   4.6799998953938484        -0.99462910768330737        -0.99974104364285044     
   4.6899998951703310        -0.99485297982591214        -0.99991492355530831     
   4.6999998949468136        -0.99497686750822323        -0.99998881281314023     
   4.7099998947232962        -0.99500075834157609        -0.99996270402748233     
   4.7199998944997787        -0.99492464993690743        -0.99983659980919126     
   4.7299998942762613        -0.99474854990499395        -0.99961051276858315     
   4.7399998940527439        -0.99447247585569132        -0.99928446551417272     
   4.7499998938292265        -0.99409645539617320        -0.99885849065041221     
   4.7599998936057091        -0.99362052612817042        -0.99833263077443113     
   4.7699998933821917        -0.99304473564421114        -0.99770693847177661     
   4.7799998931586742        -0.99236914152286126        -0.99698147631115452     
   4.7899998929351568        -0.99159381132296698        -0.99615631683817329     
   4.7999998927116394        -0.99071882257689869        -0.99523154256808877     
   4.8099998924881220        -0.98974426278279792        -0.99420724597755328     
   4.8199998922646046        -0.98867022939582772        -0.99308352949536771     
   4.8299998920410872        -0.98749682981842679        -0.99186050549223881     
   4.8399998918175697        -0.98622418138956991        -0.99053829626954226     
   4.8499998915940523        -0.98485241137303370        -0.98911703404709250     
   4.8599998913705349        -0.98338165694467050        -0.98759686094992116     
   4.8699998911470175        -0.98181206517869102        -0.98597792899406422     
   4.8799998909235001        -0.98014379303295673        -0.98426040007136106     
   4.8899998906999826        -0.97837700733328459        -0.98244444593326496     
   4.8999998904764652        -0.97651188475676443        -0.98053024817366830     
   4.9099998902529478        -0.97454861181409125        -0.97851799821074326     
   4.9199998900294304        -0.97248738483091446        -0.97640789726780042     
   4.9299998898059130        -0.97032840992820546        -0.97420015635316615     
   4.9399998895823956        -0.96807190300164581        -0.97189499623908215     
   4.9499998893588781        -0.96571808970003759        -0.96949264743962871     
   4.9599998891353607        -0.96326720540273902        -0.96699335018767307     
   4.9699998889118433        -0.96071949519612643        -0.96439735441084651     
   4.9799998886883259        -0.95807521384908589        -0.96170491970655181     
   4.9899998884648085        -0.95533462578753692        -0.95891631531600363     
   4.9999998882412910        -0.95249800506798943        -0.95603182009730470     
   5.0099998880177736        -0.94956563535013894        -0.95305172249756032     
   5.0199998877942562        -0.94653780986850056        -0.94997632052403369     
   5.0299998875707388        -0.94341483140308569        -0.94680592171434563     
   5.0399998873472214        -0.94019701224912433        -0.94354084310572084     
   5.0499998871237040        -0.93688467418583610        -0.94018141120328480     
   5.0599998869001865        -0.93347814844425225        -0.93672796194741326     
   5.0699998866766691        -0.92997777567409290        -0.93318084068013840     
   5.0799998864531517        -0.92638390590970254        -0.92954040211061517     
   5.0899998862296343        -0.92269689853504655        -0.92580701027965062     
   5.0999998860061169        -0.91891712224777344        -0.92198103852330004     
   5.1099998857825994        -0.91504495502234529        -0.91806286943553361     
   5.1199998855590820        -0.91108078407224047        -0.91405289482997742     
   5.1299998853355646        -0.90702500581123291        -0.90995151570073252     
   5.1399998851120472        -0.90287802581375065        -0.90575914218227571     
   5.1499998848885298        -0.89864025877431919        -0.90147619350844643     
   5.1599998846650124        -0.89431212846609198        -0.89710309797052379     
   5.1699998844414949        -0.88989406769847379        -0.89264029287439783     
   5.1799998842179775        -0.88538651827383996        -0.88808822449683922     
   5.1899998839944601        -0.88078993094335645        -0.88344734804087188     
   5.1999998837709427        -0.87610476536190529        -0.87871812759025347     
   5.2099998835474253        -0.87133149004211952        -0.87390103606306679     
   5.2199998833239079        -0.86647058230753193        -0.86899655516442875     
   5.2299998831003904        -0.86152252824484354        -0.86400517533832033     
   5.2399998828768730        -0.85648782265531509        -0.85892739571854237     
   5.2499998826533556        -0.85136696900528752        -0.85376372407880263     
   5.2599998824298382        -0.84616047937583561        -0.84851467678193893     
   5.2699998822063208        -0.84086887441156022        -0.84318077872828334     
   5.2799998819828033        -0.83549268326852444        -0.83776256330317245     
   5.2899998817592859        -0.83003244356133843        -0.83226057232360939     
   5.2999998815357685        -0.82448870130939844        -0.82667535598408259     
   5.3099998813122511        -0.81886201088228494        -0.82100747280154673     
   5.3199998810887337        -0.81315293494432672        -0.81525748955957145     
   5.3299998808652163        -0.80736204439833437        -0.80942598125166365     
   5.3399998806416988        -0.80148991832851102        -0.80351353102376843     
   5.3499998804181814        -0.79553714394254393        -0.79752073011595515     
   5.3599998801946640        -0.78950431651288444        -0.79144817780329380     
   5.3699998799711466        -0.78339203931722123        -0.78529648133592800     
   5.3799998797476292        -0.77720092357815296        -0.77906625587835066     
   5.3899998795241117        -0.77093158840206655        -0.77275812444788783     
   5.3999998793005943        -0.76458466071722730        -0.76637271785239758     
   5.4099998790770769        -0.75816077521108616        -0.75991067462718986     
   5.4199998788535595        -0.75166057426681177        -0.75337264097117318     
   5.4299998786300421        -0.74508470789905279        -0.74675927068223558     
   5.4399998784065247        -0.73843383368893667        -0.74007122509186529     
   5.4499998781830072        -0.73170861671831233        -0.73330917299901810     
   5.4599998779594898        -0.72490972950324239        -0.72647379060323813     
   5.4699998777359724        -0.71803785192675229        -0.71956576143703810     
   5.4799998775124550        -0.71109367117084243        -0.71258577629754716     
   5.4899998772889376        -0.70407788164777052        -0.70553453317743142     
   5.4999998770654202        -0.69699118493061107        -0.69841273719509533     
   5.5099998768419027        -0.68983428968309846        -0.69122110052417052     
   5.5199998766183853        -0.68260791158876144        -0.68396034232229896     
   5.5299998763948679        -0.67531277327935524        -0.67663118865921767     
   5.5399998761713505        -0.66794960426259886        -0.66923437244415263     
   5.5499998759478331        -0.66051914084922514        -0.66177063335252828     
   5.5599998757243156        -0.65302212607935017        -0.65424071775200066     
   5.5699998755007982        -0.64545930964817000        -0.64664537862782123     
   5.5799998752772808        -0.63783144783099144        -0.63898537550753909     
   5.5899998750537634        -0.63013930340760571        -0.63126147438504865     
   5.5999998748302460        -0.62238364558601067        -0.62347444764399118     
   5.6099998746067286        -0.61456524992549066        -0.61562507398051669     
   5.6199998743832111        -0.60668489825906158        -0.60771413832541532     
   5.6299998741596937        -0.59874337861528792        -0.59974243176562481     
   5.6399998739361763        -0.59074148513948066        -0.59171075146512242     
   5.6499998737126589        -0.58268001801428326        -0.58361990058520929     
   5.6599998734891415        -0.57455978337965441        -0.57547068820419489     
   5.6699998732656240        -0.56638159325225446        -0.56726392923648994     
   5.6799998730421066        -0.55814626544424439        -0.55900044435111551     
   5.6899998728185892        -0.54985462348150549        -0.55068105988963700     
   5.6999998725950718        -0.54150749652128727        -0.54230660778353057     
   5.7099998723715544        -0.53310571926929262        -0.53387792547099067     
   5.7199998721480370        -0.52465013189620757        -0.52539585581318704     
   5.7299998719245195        -0.51614157995368537        -0.51686124700997926     
   5.7399998717010021        -0.50758091428979191        -0.50827495251509724     
   5.7499998714774847        -0.49896899096392133        -0.49963783095079689     
   5.7599998712539673        -0.49030667116119114        -0.49095074602199840     
   5.7699998710304499        -0.48159482110632434        -0.48221456642991667     
   5.7799998708069324        -0.47283431197702763        -0.47343016578519170     
   5.7899998705834150        -0.46402601981687441        -0.46459842252052841     
   5.7999998703598976        -0.45517082544770104        -0.45572021980285399     
   5.8099998701363802        -0.44626961438152557        -0.44679644544500208     
   5.8199998699128628        -0.43732327673199722        -0.43782799181693210     
   5.8299998696893454        -0.42833270712538563        -0.42881575575649311     
   5.8399998694658279        -0.41929880461111918        -0.41976063847974066     
   5.8499998692423105        -0.41022247257188071        -0.41066354549081602     
   5.8599998690187931        -0.40110461863326996        -0.40152538649139657     
   5.8699998687952757        -0.39194615457304183        -0.39234707528972629     
   5.8799998685717583        -0.38274799622992939        -0.38312952970923575     
   5.8899998683482409        -0.37351106341206070        -0.37387367149676048     
   5.8999998681247234        -0.36423627980497886        -0.36458042623036724     
   5.9099998679012060        -0.35492457287927420        -0.35525072322679674     
   5.9199998676776886        -0.34557687379783786        -0.34588549544853292     
   5.9299998674541712        -0.33619411732274651        -0.33648567941050739     
   5.9399998672306538        -0.32677724172178679        -0.32705221508644877     
   5.9499998670071363        -0.31732718867462933        -0.31758604581488614     
   5.9599998667836189        -0.30784490317866153        -0.30808811820481585     
   5.9699998665601015        -0.29833133345448881        -0.29855938204104160     
   5.9799998663365841        -0.28878743085111303        -0.28900079018919655     
   5.9899998661130667        -0.27921414975079867        -0.27941329850045765     
   5.9999998658895493        -0.26961244747363527        -0.26979786571596143     
   6.0099998656660318        -0.25998328418180622        -0.26015545337093049     
   6.0199998654425144        -0.25032762278357334        -0.25048702569852088     
   6.0299998652189970        -0.24064642883698700        -0.24079354953339968     
   6.0399998649954796        -0.23094067045333092        -0.23107599421506217     
   6.0499998647719622        -0.22121131820031195        -0.22133533149089879     
   6.0599998645484447        -0.21145934500500418        -0.21157253541902127     
   6.0699998643249273        -0.20168572605655691        -0.20178858227085747     
   6.0799998641014099        -0.19189143870867661        -0.19198445043352524     
   6.0899998638778925        -0.18207746238189243        -0.18216112031199438     
   6.0999998636543751        -0.17224477846561490        -0.17231957423104707     
   6.1099998634308577        -0.16239437021999781        -0.16246079633704613     
   6.1199998632073402        -0.15252722267761304        -0.15258577249952127     
   6.1299998629838228        -0.14264432254494810        -0.14269549021258296     
   6.1399998627603054        -0.13274665810373640        -0.13279093849617379     
   6.1499998625367880        -0.12283521911212976        -0.12287310779716736     
   6.1599998623132706        -0.11291099670572353        -0.11294298989032439     
   6.1699998620897532        -0.10297498329844385        -0.10300157777911613     
   6.1799998618662357         -9.3028172483307012E-002    -9.3049865596424766E-002
   6.1899998616427183         -8.3071558933061104E-002    -8.3088848505131013E-002
   6.1999998614192009         -7.3106138300719492E-002    -7.3119522598598649E-002
   6.2099998611956835         -6.3132907119996376E-002    -6.3142884801066029E-002
   6.2199998609721661         -5.3152862705654239E-002    -5.3159932767954457E-002
   6.2299998607486486         -4.3167003053773231E-002    -4.3171664786103528E-002
   6.2399998605251312         -3.3176326741952381E-002    -3.3179079673943242E-002
   6.2499998603016138         -2.3181832829452666E-002    -2.3183176681613023E-002
   6.2599998600780964         -1.3184520757291944E-002    -1.3184955391037529E-002
   6.2699998598545790         -3.1853902483016758E-003    -3.1854156159692969E-003
