   0.0000000000000000          1.1000000014901161       0.89999999850988388          1.0950000013411045       0.89499999836087230     
  0.10000000149011612          1.1900000026822091       0.78999999672174459          1.1790250023409725       0.78102499646991497     
  0.20000000298023224          1.2690000035315752       0.67099999468028548          1.2512323779643886       0.65921736938020215     
  0.30000000447034836          1.3361000039994717       0.54409999243617058          1.3108979538084491       0.53079804277414966     
  0.40000000596046448          1.3905100040538609       0.41048999004527925          1.3574232689124335       0.39705425514694875     
  0.50000000745058060          1.4315590036700667       0.27143898756787177          1.3903415784719513       0.25932665489808671     
  0.60000000894069672          1.4587029028313294       0.12828308506767594          1.4093225362486499       0.11899586166598805     
  0.70000001043081284          1.4715312115292538       -1.7587207389093723E-002     1.4141755097013178       -2.2531373384992864E-002
  0.80000001192092896          1.4697724907641374      -0.16474033073477148          1.4048514945700090      -0.16383626959212799     
  0.90000001341104507          1.4532984574451779      -0.31171758200131694          1.3814436096844720      -0.30350223977014662     
   1.0000000149011612          1.4221266987805508      -0.45704742991141822          1.3441861670009303      -0.44012909155302915     
   1.1000000163912773          1.3764219551083552      -0.59926010190860723          1.2934523261544799      -0.57234706473276620     
   1.2000000178813934          1.3164959440245274      -0.73690229947047126          1.2297503570048278      -0.69883056386665821     
   1.3000000193715096          1.2428057129794103      -0.86855189583465586          1.1537185476085521      -0.81831144847614468     
   1.4000000208616257          1.1559505221017017      -0.99283246898452171          1.0661188086315982      -0.92959174759185581     
   1.5000000223517418          1.0566672737238139       -1.1084275229171925         0.96782903828519096       -1.0315556711671772     
   1.6000000238418579         0.94582451978040893       -1.2140942518641309         0.85983432429569184       -1.1231807979283244     
   1.7000000253319740         0.82441509278485448       -1.3086767052515602         0.74321707107958579       -1.2035483274821379     
   1.8000000268220901         0.69354742030961813       -1.3911182157585198         0.61914615107179927       -1.2718522938808228     
   1.9000000283122063         0.55443559666083853       -1.4604729588229477         0.48886518894089037       -1.3274076482516775     
   2.0000000298023224         0.40838829860226944       -1.5159165193152049         0.35368009612018003       -1.3696571294351749     
   2.1000000312924385         0.25679664441185734       -1.5567553497839779         0.21494598060241105       -1.3981768537229466     
   2.2000000327825546         0.10112110711371330       -1.5824350146078205          7.4053563211629009E-002  -1.4126805676265228     
   2.3000000342726707         -5.7122396705080680E-002  -1.5925471254698740         -6.7584763483174354E-002  -1.4130225210093956     
   2.4000000357627869        -0.21637711162514822       -1.5868348857142469        -0.20854909386219478       -1.3991989317447653     
   2.5000000372529030        -0.37506060256114115       -1.5651971742293052        -0.34742624362125296       -1.3713480271805627     
   2.6000000387430191        -0.53158032231639718       -1.5276911134143072        -0.48282391711290024       -1.3297486619604824     
   2.7000000402331352        -0.68434943593426500       -1.4745330803905510        -0.61338466563291749       -1.2748175260217782     
   2.8000000417232513        -0.83180274617054561       -1.4060981357773643        -0.73779949671515543       -1.2071049707244006     
   2.9000000432133675        -0.97241256184353153       -1.3229178599208271        -0.85482099799280564       -1.1272894949199834     
   3.0000000447034836         -1.1047043498069156       -1.2256766022874663        -0.96327584404725397       -1.0361709462043411     
   3.1000000461935997         -1.2272720118620626       -1.1152061656606369         -1.0620765608479275      -0.93466250547879970     
   3.2000000476837158         -1.3387926300899129      -0.99247896264565283         -1.1502324298260618      -0.82378153514471997     
   3.3000000491738319         -1.4380405278333870      -0.85859969764170507         -1.2268594222475355      -0.70463938264965731     
   3.4000000506639481         -1.5239004988769707      -0.71479564271551899         -1.2911890642684418      -0.57843024157849299     
   3.5000000521540642         -1.5953800642136511      -0.56240559055703321         -1.3425761437744750      -0.44641918193354191     
   3.6000000536441803         -1.6516206241074041      -0.40286758175836657         -1.3805051817141138      -0.30992946957931072     
   3.7000000551342964         -1.6919073828835602      -0.23770551688651964         -1.4045956030195939      -0.17032930195670667     
   3.8000000566244125         -1.7156779349264211       -6.8514776077025163E-002    -1.4146055552446759       -2.9018093026572156E-002
   3.9000000581145287         -1.7225294126362185       0.10305301997217628         -1.4104343366035574       0.11258755507527887     
   4.0000000596046448         -1.7122241104854399       0.27530596380256700         -1.3921234090350720       0.25306805304519231     
   4.1000000610947609         -1.6846935136949452       0.44652837740252371         -1.3598559861008341       0.39101505572018902     
   4.2000000625848770         -1.6400406752893137       0.61499773128240720         -1.3139551998130190       0.52504558101974907     
   4.3000000640749931         -1.5785409012446550       0.77900180125518959         -1.2548808647338054       0.65381587497566018     
   4.4000000655651093         -1.5006407199583329       0.93685589373186429         -1.1832248717513170       0.77603488384665442     
   4.5000000670552254         -1.4069551291891225        1.0869199679638264         -1.0997052576751987       0.89047719825005711     
   4.6000000685453415         -1.2982631307731030        1.2276154829792651         -1.0051590100710337       0.99599533953232378     
   4.7000000700354576         -1.1755015806458868        1.3574417979911382        -0.90053367943351703        1.0915312651911544     
   4.8000000715255737         -1.0397573988240272        1.4749919578073607        -0.78687788275653570        1.1761269779877992     
   4.9000000730156898        -0.89225820084538188        1.5789676992391226        -0.66533079367415338        1.2489341323707965     
   5.0000000745058060        -0.73436142856862441        1.6681935206532290        -0.53711072450850406        1.3092225418816723     
   5.1000000759959221        -0.56754207401749945        1.7416296646043752        -0.40350291466686494        1.3563875022283822     
   5.2000000774860382        -0.39337910496183148        1.7983838728518287        -0.26584664778939093        1.3899558565830754     
   5.3000000789761543        -0.21354071499684782        1.8377217839341924        -0.12552182678132656        1.4095907422681220     
   5.4000000804662704         -2.9768533865009716E-002   1.8590758557520777          1.6064858698550344E-002   1.4150949712119107     
   5.5000000819563866         0.15613905448043694        1.8620527091829373         0.15749403363251066        1.4064130102511920     
   5.6000000834465027         0.34234432817340543        1.8464388035022283         0.29734786656171758        1.3836315413924287     
   5.7000000849366188         0.52698821127503648        1.8122043701747550         0.43422428338561525        1.3469785963800347     
   5.8000000864267349         0.70820865099290686        1.7595055482619777         0.56675102354914064        1.2968212742118130     
   5.9000000879168510         0.88415920844097218        1.6886846821073740         0.69359939770053802        1.2336620644480736     
   6.0000000894069672          1.0530276791680460        1.6002687599457768         0.81349760889178802        1.1581338131384058     
   6.1000000908970833          1.2130545575472098        1.4949659904598387         0.92524350376570297        1.0709933817987536     
   6.2000000923871994          1.3625511588208665        1.3736605328975255          1.0277166258847823       0.97311406297487879     
   6.3000000938773155          1.4999172141575328        1.2374054149850795          1.1198894503497574       0.86547682839510376     
   6.4000000953674316          1.6236577574999185        1.0874136913342753          1.2008376870603035       0.74916049742042112     
   6.5000000968575478          1.7323991282537188       0.92504791316484491          1.2697495493044415       0.62533092432626747     
   6.6000000983476639          1.8249039209486320       0.75180799775799723          1.3259338947331543       0.49522931278893612     
   6.7000000998377800          1.9000847218447130       0.56931760294381528          1.3688271570787518       0.36015977470208560     
   6.8000001013278961          1.9570164829874439       0.37930912792799709          1.3979989990962753       0.22147625802732057     
   6.9000001028180122          1.9949473963454583       0.18360747671307090          1.4131566300252332        8.0568974711373059E-002
   7.0000001043081284          2.0133081442903618       -1.5887265894178187E-002     1.4141477442557246       -6.1149535282480322E-002
   7.1000001057982445          2.0117194176772699      -0.21721808332327727          1.4009620517043537      -0.20225856412977272     
   7.2000001072883606          1.9899976090212621      -0.41839002808869979          1.3737313845227064      -0.34134347853701652     
   7.3000001087784767          1.9481586055889424      -0.61738979195615351          1.3327283790330477      -0.47700990159275719     
   7.4000001102685928          1.8864196254733445      -0.81220565541803036          1.2783637460692145      -0.60789769190293819     
   7.5000001117587090          1.8051990587212607       -1.0008476207763490          1.2111821570522454      -0.73269457986467157     
   7.6000001132488251          1.7051142951522467       -1.1813675293384314          1.1318567870082368      -0.85014932436619484     
   7.7000001147389412          1.5869775404580286       -1.3518789613944744          1.0411825692010952      -0.95908425800510344     
   7.8000001162290573          1.4517896423041246       -1.5105767178050580         0.94006822897028419       -1.0584070950437556     
   7.9000001177191734          1.3007319682726841       -1.6557556841988057         0.82952717660382658       -1.1471218837086612     
   8.0000001192092896          1.1351563973855354       -1.7858288829643159         0.71066735051698737       -1.2243389930156579     
   8.1000001206994057         0.95657350642801142       -1.8993445243943843         0.58468011253253171       -1.2892840339788145     
   8.2000001221895218         0.76663905115832909       -1.9950018764625910         0.45282830656368056       -1.3413056257412965     
   8.3000001236796379         0.56713886053928553       -2.0716657827208049         0.31643360039055468       -1.3798819287438548     
   8.4000001251697540         0.35997227918018249       -2.1283796696198363         0.17686323741087981       -1.4046258794050954     
   8.5000001266598701         0.14713430904666600       -2.1643768980742548          3.5516331163905540E-002  -1.4152890738033992     
   8.6000001281499863         -6.9303383985932387E-002  -2.1790903291981687        -0.10619015998649131       -1.4117642613928016     
   8.7000001296401024        -0.28721242015284687       -2.1721599906963052        -0.24683563741370812       -1.3940864237185835     
   8.8000001311302185        -0.50442842245924802       -2.1434387482530406        -0.38501010363906718       -1.3624324272830710     
   8.9000001326203346        -0.71877230047852469       -2.0929959052554588        -0.51932829782199041       -1.3171192540060210     
   9.0000001341104507        -0.92807189412287749       -2.0211186741365519        -0.64844358361875720       -1.2586008269836664     
   9.1000001356005669         -1.1301837645482342       -1.9283114833413293        -0.77106145017786576       -1.1874634633330698     
   9.2000001370906830         -1.3230149157557751       -1.8152931052024008        -0.88595249091484474       -1.1044199996727011     
   9.3000001385807991         -1.5045442289810127       -1.6829916116553774        -0.99196472994123752       -1.0103026490981097     
   9.4000001400709152         -1.6728433926544033       -1.5325371865153306         -1.0880351725589963      -0.90605466122980594     
   9.5000001415610313         -1.8260971135895947       -1.3652528447571592         -1.1732004640071787      -0.79272086891144589     
   9.6000001430511475         -1.9626224000996959       -1.1826431306771030         -1.2466065495847130      -0.67143721629984121     
   9.7000001445412636         -2.0808867149296817      -0.98638088774259813         -1.3075172392815342      -0.54341937330223022     
   9.8000001460313797         -2.1795248051737635      -0.77829221314886710         -1.3553215910302723      -0.40995055047823736     
   9.9000001475214958         -2.2573540276483959      -0.56033972938374577         -1.3895400385318599      -0.27236863654214499     
   10.000000149011612         -2.3133880014217416      -0.33460432325518652         -1.4098292021922185      -0.13205278739508619     
   10.100000150501728         -2.3468484342458598      -0.10326551966579561         -1.4159853349074591        9.5903988815977115E-003
   10.200000151991844         -2.3571749863663167       0.13141932725586705         -1.4079463681194730       0.15114098248648913     
   10.300000153481960         -2.3440330534449001       0.36713682940496317         -1.3857925375952087       0.29117991646148578     
   10.400000154972076         -2.3073193699573271       0.60154013824233465         -1.3497455826206930       0.42830327266030183     
   10.500000156462193         -2.2471653552367288       0.83227207867624120         -1.3001665266022100       0.56113631650652507     
   10.600000157952309         -2.1639381461289227        1.0569886175484513         -1.2375520612886484       0.68834728943799672     
   10.700000159442425         -2.0582392827990419        1.2733824353858627         -1.1625295708282783       0.80866076086119609     
   10.800000160932541         -1.9309010373629678        1.4792063667327824         -1.0758508455097886       0.92087041575152218     
   10.900000162422657         -1.7829803984855004        1.6722964733463459        -0.97838454817456932        1.0238511496896656     
   11.000000163912773         -1.6157507486589497        1.8505945158517438        -0.87110750879328214        1.1165703500640152     
   11.100000165402889         -1.4306912943161747        2.0121695931252952        -0.75509493444928966        1.1980982503246926     
   11.200000166893005         -1.2294743320052788        2.1552387246888087        -0.63150963284675055        1.2676172534646468     
   11.300000168383121         -1.0139504563248418        2.2781861597213959        -0.50159035735305291        1.3244301312341316     
   11.400000169873238        -0.78613183695794031        2.3795812068647839        -0.36663939039457705        1.3679670168633387     
   11.500000171363354        -0.54817371272560966        2.4581943917320057        -0.22800948966320705        1.3977911211609719     
   11.600000172853470        -0.30235426988941400        2.5130117638214093         -8.7090327981946686E-002   1.4136031146529613     
   11.700000174343586         -5.1053089762593706E-002   2.5432471912608938          5.4705437242669436E-002   1.4152441317970226     
   11.800000175833702         0.20327163315322933        2.5483525003132281         0.19595632533688470        1.4026973671213652     
   11.900000177323818         0.45810688698189328        2.5280253366950070         0.33524628248331900        1.3760882472510541     
   12.000000178813934         0.71090942441844529        2.4822146473141853         0.47117887779658352        1.3356831770618578     
   12.100000180304050         0.95913089284865194        2.4111237038130033         0.60239130303389832        1.2818868724957466     
   12.200000181794167          1.2002432668228065        2.3152106130989218         0.72756803558870042        1.2152383067412291     
   12.300000183284283          1.4317643315826314        2.1951862846281394         0.84545402778730994        1.1364053103834075     
   12.400000184774399          1.6512829633165278        2.0520098493363812         0.95486729025410755        1.0461778796235972     
   12.500000186264515          1.8564839513078988        1.8868815505441250          1.0547107431818370       0.94546025962131264     
   12.600000187754631          2.0451721091739841        1.7012331526469584          1.1439832166797406       0.83526188229249632     
   12.700000189244747          2.2152954269737148        1.4967159386820161          1.2217894898997619       0.71668724938392825     
   12.800000190734863          2.3649670230721971        1.2751863926835973          1.2873492682745422       0.59092486221962948     
   12.900000192224979          2.4924856642407325        1.0386896868523021          1.3400050088438491       0.45923530907472254     
   13.000000193715096          2.5963546344737312       0.78944111671413575          1.3792285151917398       0.32293862957976954     
   13.100000195205212          2.6752987473215035       0.52980564939789276          1.4046262358494530       0.18340108280936446     
   13.200000196695328          2.7282793130507645       0.26227577067923663          1.4159432130151255        4.2021451689987249E-002
   13.300000198185444          2.7545068905095094       -1.0552164691292831E-002     1.4130656419706735       -9.9782978986156706E-002
   13.400000199675560          2.7534516740246562      -0.28600285784677887          1.3960220155029530      -0.24059063037905634     
   13.500000201165676          2.7248513878138008      -0.56134802935220729          1.3649828418210010      -0.37898988082184049     
   13.600000202655792          2.6687165840421061      -0.83383317219393227          1.3202589387615749      -0.51359321757734044     
   13.700000204145908          2.5853332655802048       -1.1007048345748405          1.2622983213479855      -0.64305114725641899     
   13.800000205636024          2.4752627804825429       -1.3592381649853078          1.1916817138692857      -0.76606572544008444     
   13.900000207126141          2.3393389619585894       -1.6067644467219910          1.1091167314368295      -0.88140356986140400     
   14.000000208616257          2.1786625148921246       -1.8406983464037368          1.0154307893148400      -0.98790822667715328     
   14.100000210106373          1.9945926775088967       -2.0585646011394094         0.91156281107714143       -1.0845117658411514     
   14.200000211596489          1.7887362143274554       -2.2580238718624739         0.79855381868575870       -1.1702454893163894     
   14.300000213086605          1.5629338237764903       -2.4368974959606442         0.67753649879789557       -1.2442496447539411     
   14.400000214576721          1.3192440705491655       -2.5931908806672461         0.54972384987347467       -1.3057820472341612     
   14.500000216066837          1.0599249786182854       -2.7251152896879893         0.41639702387300903       -1.3542255226099136     
   14.600000217556953         0.78741344558874826       -2.8311077891292293         0.27889248441265135       -1.3890940978028494     
   14.700000219047070         0.50430266245714606       -2.9098491348614415         0.13858861009883344       -1.4100378759636913     
   14.800000220537186         0.21331774463498882       -2.9602794018586258         -3.1081226698013442E-003  -1.4168465475901573     
   14.900000222027302         -8.2710199962033826E-002  -2.9816111766399929        -0.14477723892627081       -1.4094515023694683     
   15.000000223517418        -0.38087132206898000       -2.9733401565205417        -0.28499850504725921       -1.3879265205392344     
   15.100000225007534        -0.67820534215165629       -2.9352530237461014        -0.42236616660164994       -1.3524870368003143     
   15.200000226497650        -0.97173064890013428       -2.8674324885203313        -0.55550304140109841       -1.3034879841252369     
   15.300000227987766         -1.2584739020249747       -2.7702594221823262        -0.68307432646618871       -1.2414202390425020     
   15.400000229477882         -1.5354998483712154       -2.6444120301045566        -0.80380098048618231       -1.1669057039978246     
   15.500000230967999         -1.7999410553221522       -2.4908620429793622        -0.91647254760258323       -1.0806910760575779     
   15.600000232458115         -2.0490272633317623       -2.3108679347650258         -1.0199592939441182      -0.98364036439034563     
   15.700000233948231         -2.2801140602517265       -2.1059652053785611         -1.1132235352271849      -0.87672623150755047     
   15.800000235438347         -2.4907105839277150       -1.8779537959557537         -1.1953300418423447      -0.76102024503781951     
   15.900000236928463         -2.6785059663216595       -1.6288827338515341         -1.2654554170928054      -0.63768213773381455     
   16.000000238418579         -2.8413942421340375       -1.3610321332280833         -1.3228963545423758      -0.50794818335516734     
   16.100000239908695         -2.9774974574849415       -1.0768927047806720         -1.3670766916649555      -0.37311880493719457     
   16.200000241398811         -3.0851867295677038      -0.77914295459536087         -1.3975531890526303      -0.23454553965331101     
   16.300000242888927         -3.1631010261882535      -0.47062427704130400         -1.4140199772139466       -9.3617490932314862E-002
   16.400000244379044         -3.2101634545936686      -0.15431416970909084         -1.4163116263499038        4.8252596364745437E-002
   16.500000245869160         -3.2255948717945238       0.16670218053379232         -1.4044048082987308       0.18964249812119069     
   16.600000247359276         -3.2089246534927387       0.48926167251975561         -1.3784185339532562       0.32913476852492513     
   16.700000248849392         -3.1599984855117063       0.81015414265069985         -1.3386129637351480       0.46533095008258485     
   16.800000250339508         -3.0789830700394125        1.1261539959106353         -1.2853868030153477       0.59686559363103575     
   16.900000251829624         -2.9663676687702489        1.4340523075026188         -1.2192733085562308       0.72241994779085106     
   17.000000253319740         -2.8229624358830825        1.7306890787998759         -1.1409349459761891       0.84073518061672980     
   17.100000254809856         -2.6498935254241673        2.0129853265947260         -1.0511567517618294       0.95062500088611135     
   17.200000256299973         -2.4485949897651129        2.2779746830857919        -0.95083846634123292        1.0509875524825552     
   17.300000257790089         -2.2207975180620871        2.5228341857109942        -0.84098551705349178        1.1408164626145161     
   17.400000259280205         -1.9685140957316718        2.7449139408264491        -0.72269894138150714        1.2192109330899639     
   17.500000260770321         -1.6940226975587864        2.9417653533329311        -0.59716435144114688        1.2853847734578936     
   17.600000262260437         -1.3998461578419215        3.1111676256131005        -0.46564005033379480        1.3386742854330258     
   17.700000263750553         -1.0887293906446103        3.2511522434832258        -0.32944441947465730        1.3785449195336199     
   17.800000265240669        -0.76361416145169336        3.3600251841700199        -0.18994270332063898        1.4045966371689087     
   17.900000266730785        -0.42761163802786367        3.4363866014530631         -4.8533323965829156E-002   1.4165679243888636     
   18.000000268220901         -8.3972972761942322E-002   3.4791477658930403          9.3366137210969091E-002   1.4143384170247375     
   18.100000269711018         0.26394180901169589        3.4875450632943639         0.23433315032100382        1.3979301108686377     
   18.200000271201134         0.61269632053797940        3.4611508819998904         0.37295449770442241        1.3675071447247027     
   18.300000272691250         0.95881141389548519        3.3998812490331036         0.50784044167054043        1.3233741584711169     
   18.400000274181366          1.2987995438650133        3.3040001062148150         0.63763865720560642        1.2659732425577679     
   18.500000275671482          1.6291995594098387        3.1741201498929517         0.76104778996678679        1.1958795094856181     
   18.600000277161598          1.9466115791289416        3.0112001915242712         0.87683050363410908        1.1137953316292617     
   18.700000278651714          2.2477316027684067        2.8165390307106999         0.98382588580789121        1.0205433031351567     
   18.800000280141830          2.5293855100364468        2.5917658670844781          1.0809610880664939       0.91705799642060426     
   18.900000281631947          2.7885621006069270        2.3388273123117553          1.1672620834736691       0.80437659588444199     
   19.000000283122063          3.0224448353232267        2.0599710980957813          1.2418634336694239       0.68362850269843534     
   19.100000284612179          3.2284419482024012        1.7577266100596649          1.3040169676045541       0.55602401486561148     
   19.200000286102295          3.4042146118275842        1.4348824104286715          1.3530992848873191       0.42284219600483730     
   19.300000287592411          3.5477028550085929        1.0944609441732380          1.3886180084918227       0.28541805445679774     
   19.400000289082527          3.6571489510567905       0.73969065338588957          1.4102167241134291       0.14512916122359878     
   19.500000290572643          3.7311180174976046       0.37397575283063395          1.4176785566213426        3.3818408831252644E-003
   19.600000292062759          3.7685155933379355        8.6394552107438294E-004     1.4109283477203372      -0.13840292609643423     
   19.700000293552876          3.7686019878913304      -0.37598761942824499          1.3900334129556109      -0.27880374831980920     
   19.800000295042992          3.7310032253882408      -0.75284782383303261          1.3552028704362709      -0.41641307290353746     
   19.900000296533108          3.6557184418831068       -1.1259481519314847          1.3067855479712909      -0.54985129654000608     
   20.000000298023224          3.5431236250121647       -1.4915200015672403          1.2452664895633654      -0.67778059671976310     
   20.100000299513340          3.3939716226329026       -1.8458323693481224          1.1712620962480413      -0.79891834444709531     
   20.200000301003456          3.2093883829475858       -2.1852295366688246          1.0855139499570789      -0.91204996397593241     
   20.300000302493572          2.9908654260244574       -2.5061683797459446         0.98888138228888578       -1.0160411106333964     
   20.400000303983688          2.7402485843153812       -2.8052549268051270         0.88233286265272770       -1.1098490446312641     
   20.500000305473804          2.4597230874547131       -3.0792797893199539         0.76693629209105585       -1.1925330868227786     
   20.600000306963921          2.1517951039342331       -3.3252521017306984         0.64384830005702753       -1.2632640515628930     
   20.700000308454037          1.8192698888061516       -3.5404316153305464         0.51430265142210208       -1.3213325620819489     
   20.800000309944153          1.4652267219974426       -3.7223586069220849         0.37959787991122063       -1.3661561649832261     
   20.900000311434269          1.0929908557584875       -3.8688812813051872         0.24108427192104609       -1.3972851725115039     
   21.000000312924385         0.70610272186288647       -3.9781803685097192         0.10015033119224895       -1.4144071739920827     
   21.100000314414501         0.30828467908396384       -4.0487906417481829         -4.1791139985475068E-002  -1.4173501711798198     
   21.200000315904617         -9.6594391124022627E-002  -4.0796191101159591        -0.18331720350931863       -1.4060843060518979     
   21.300000317394733        -0.50455630821472475       -4.0699596708596202        -0.32300905016487436       -1.3807221636880198     
   21.400000318884850        -0.91155228136539934       -4.0195040392863000        -0.45946622329215625       -1.3415176471660277     
   21.500000320374966         -1.3135026912835572       -3.9283488097914412        -0.59132065882284945       -1.2888634357164221     
   21.600000321865082         -1.7063375781163972       -3.7969985387058141        -0.71725040093282000       -1.2232870515823631     
   21.700000323355198         -2.0860374376449471       -3.6263647783515331        -0.83599285580235327       -1.1454455749800989     
   21.800000324845314         -2.4486739208838051       -3.4177610314786002        -0.94635745060362564       -1.0561190601085519     
   21.900000326335430         -2.7904500291245258       -3.1728936357414113         -1.0472375707941846      -0.95620271818009017     
   22.000000327825546         -3.1077393974266467       -2.8938486286708640         -1.1376216560270251      -0.84669794580678037     
   22.100000329315662         -3.3971242646059037       -2.5830746842973067         -1.2166033434197274      -0.72870228865368780     
   22.200000330805779         -3.6554317368847156       -2.2433622527746069         -1.2833905564725605      -0.60339844094698125     
   22.300000332295895         -3.8797679655050463       -1.8778190736391176         -1.3373134484927895      -0.47204239109267598     
   22.400000333786011         -4.0675498756671269       -1.4898422713073081         -1.3778311208637160      -0.33595083222484157     
   22.500000335276127         -4.2165341050178959       -1.0830872776794738         -1.4045370487771744      -0.19648796387415682     
   22.600000336766243         -4.3248428343997691      -0.66143386089455869         -1.4171631600042018       -5.5051817054866309E-002
   22.700000338256359         -4.3909862214748383      -0.22894957101006375         -1.4155825257805272        8.6939760150769235E-002
   22.800000339746475         -4.4138811789170065       0.21014905768049941         -1.3998106367960590       0.22806331602449542     
   22.900000341236591         -4.3928662728358097       0.65153718214939560         -1.3700052514612002       0.36690406517587515     
   23.000000342726707         -4.3277125536500041        1.0908238159788575         -1.3264648179354304       0.50207007198290976     
   23.100000344216824         -4.2186301704266640        1.5235950777926521         -1.2696254857016609       0.63220620531831062     
   23.200000345706940         -4.0662706603770653        1.9454581011215675         -1.2000567366100718       0.75600772465956845     
   23.300000347197056         -3.8717248473659502        2.3520851732184895         -1.1184556791557030       0.87223336137284779     
   23.400000348687172         -3.6365163265392213        2.7392576637244042         -1.0256400631562479       0.97971776401820976     
   23.500000350177288         -3.3625905560849687        3.1029093017971578        -0.92254008482592020        1.0773831828960769     
   23.600000351667404         -3.0522996212815579        3.4391683624163050        -0.81018906436928773        1.1642502766783378     
   23.700000353157520         -2.7083827799151670        3.7443983290927418        -0.68971308952401178        1.2394479327656638     
   23.800000354647636         -2.3339429414263044        4.0152366111200637        -0.56231972885012871        1.3022220028972971     
   23.900000356137753         -1.9324192743311293        4.2486309087405401        -0.42928592789189418        1.3519428664116990     
   24.000000357627869         -1.5075561771261219        4.4418728390531825        -0.29194520953274439        1.3881117453070606     
   24.100000359117985         -1.0633688866018973        4.5926284590122286        -0.15167430684242370        1.4103657077619873     
   24.200000360608101        -0.60410603385712469        4.6989653492569614         -9.8793624078029330E-003   1.4184813099232711     
   24.300000362098217        -0.13420949192942455        4.7593759535428619         0.13201816751173720        1.4123768394177862     
   24.400000363588333         0.34172811051688445        4.7727969029357924         0.27259576270089036        1.3921131380623406     
   24.500000365078449         0.81900780792248529        4.7386240913748896         0.41044409972741025        1.3578929954882994     
   24.600000366568565          1.2928702241210743        4.6567233093622242         0.54418118073986044        1.3100591197241658     
   24.700000368058681          1.7585425619963553        4.5274362850235903         0.67246618867962860        1.2490907050454518     
   24.800000369548798          2.2112861972451201        4.3515820262035225         0.79401293000186057        1.1755986314640801     
   24.900000371038914          2.6464444063498349        4.1304534031839371         0.90760273013172066        1.0903193439482244     
   25.000000372529030          3.0594897528230840        3.8658089586054443          1.0120966523653436       0.99410747270040745     
   25.100000374019146          3.4460706544441329        3.5598599787641407          1.1064469177040790       0.88792726844409597     
   25.200000375509262          3.8020566576251515        3.2152529081846821          1.1897074111182095       0.77284293855042174     
   25.300000376999378          4.1235819532347202        2.8350472367566608          1.2610431688920061       0.65000798085788392     
   25.400000378489494          4.4070866811349356        2.4226890352885730          1.3197387519140118       0.52065362208843435     
   25.500000379979610          4.6493555882738811        1.9819803606080086          1.3652054209424631       0.38607647674244355     
   25.600000381469727          4.8475536272880628        1.5170447948525410          1.3969870418838624       0.24762555017264054     
   25.700000382959843          4.9992581090338897        1.0322894249003169          1.4147646618525307       0.10668871611481909     
   25.800000384449959          5.1024870530621529       0.53236360654745285          1.4183597101029122       -3.5321195775069564E-002
   25.900000385940075          5.1557234145101818        2.2114893637939392E-002     1.4077357917109059      -0.17698056291474284     
   26.000000387430191          5.1579349039069298      -0.49345745549570530          1.3829990559873866      -0.31686924134257732     
   26.100000388920307          5.1085891576220499       -1.0092509535723202          1.3443971358949371      -0.45358480274821511     
   26.200000390410423          5.0076640607609164       -1.5201098769469161          1.2923166690644161      -0.58575659425968618     
   26.300000391900539          4.8556530708010843       -2.0208762904850088          1.2272794252277099      -0.71205948003324671     
   26.400000393390656          4.6535654387412428       -2.5064416048006040          1.1499370788543166      -0.83122712687853517     
   26.500000394880772          4.4029212745262933       -2.9717981556090809          1.0610646793622125      -0.94206470071925141     
   26.600000396370888          4.1057414545370605       -3.4120902896225740         0.96155288433157948       -1.0434608465926074     
   26.700000397861004          3.7645324204903923       -3.8226644411943118         0.85239903355250046       -1.1343988320701399     
   26.800000399351120          3.3822659706747471       -4.1991176888529411         0.73469715336032060       -1.2139667423661742     
   26.900000400841236          2.9623541955322801       -4.5373442909603847         0.60962699143847177       -1.2813666249042643     
   27.000000402331352          2.5086197596750717       -4.8335797149278648         0.47844219199062643       -1.3359224916410666     
   27.100000403821468          2.0252617809796902       -5.0844416946335063         0.34245772980459355       -1.3770870988957904     
   27.200000405311584          1.5168176039399310       -5.2869678757493501         0.20303672916294169       -1.4044474366868707     
   27.300000406801701         0.98812080848679995       -5.4386496384035778          6.1576799725395343E-002  -1.4177288725129997     
   27.400000408291817         0.44425583654222267       -5.5374617207246724         -8.0503973646287891E-002  -1.4167979080034727     
   27.500000409781933        -0.10949034378170552       -5.5818873050408877        -0.22178124667760110       -1.4016635207677470     
   27.600000411272049        -0.66767908260345454       -5.5709382704995640        -0.36083869457658124       -1.3724770779568043     
   27.700000412762165         -1.2247729179547560       -5.5041703612442996        -0.49628221089075986       -1.3295308223671556     
   27.800000414252281         -1.7751899622810390       -5.3816930676237700        -0.62675388398022513       -1.2732549462286102     
   27.900000415742397         -2.3133592770627636       -5.2041740687504268        -0.75094561098708912       -1.2042132819757789     
   28.000000417232513         -2.8337766916926297       -4.9728381375969768        -0.86761221281224954       -1.1230976531687533     
   28.100000418722630         -3.3310605128624338       -4.6894604642050579        -0.97558391860932525       -1.0307209421614871     
   28.200000420212746         -3.8000065662707803       -4.3563544079551475         -1.0737780946229478      -0.92800894398242451     
   28.300000421702862         -4.2356420135577686       -3.9763537456656186         -1.1612100997709112      -0.81599108806187948     
   28.400000423192978         -4.6332773940495589       -3.5527895379982435         -1.2370031591211323      -0.69579012079254898     
   28.500000424683094         -4.9885563531434522       -3.0894617916891662         -1.3003971562572618      -0.56861085232951392     
   28.600000426173210         -5.2975025369160260       -2.5906061489412928         -1.3507562563624489      -0.43572808041966776     
   28.700000427663326         -5.5565631556704593       -2.0608558873557961         -1.3875752835706106      -0.29847381230361231     
   28.800000429153442         -5.7626487474769537       -1.5051995635088258         -1.4104847886211145      -0.15822391277290881     
   28.900000430643559         -5.9131687060707581      -0.92893468017411462         -1.4192547559808932       -1.6384312221569497E-002
   29.000000432133675         -6.0060621754723904      -0.33761780075573078         -1.4137969132360748       0.12562308705492350     
   29.100000433623791         -6.0398239560510536       0.26298842574123837         -1.3941656195665368       0.26637466503125862     
   29.200000435113907         -6.0135251130850467       0.86697083034638278         -1.3605573243609022       0.40445935570053176     
   29.300000436604023         -5.9268280287585213        1.4683233506157380         -1.3133086013636142       0.53849279332523858     
   29.400000438094139         -5.7799956915089750        2.0610061623232521         -1.2528927780261572       0.66713119137171439     
   29.500000439584255         -5.5738950722055112        2.6390057400870144         -1.1799151938180565       0.78908481498501692     
   29.600000441074371         -5.3099944942643846        3.1963952556133162         -1.0951071349988155       0.90313091193252537     
   29.700000442564487         -4.9903549639400531        3.7273947129522629        -0.99931850662161525        1.0081259723700040     
   29.800000444054604         -4.6176154870905757        4.2264302167824770        -0.89350931520037191        1.1030171945091936     
   29.900000445544720         -4.1949724591144566        4.6881917723723179        -0.77874004739668368        1.1868530412237550     
   30.000000447034836         -3.7261532748912747        5.1076890245347597        -0.65616104115273455        1.2587927817408628     
   30.100000448524952         -3.2153843648267491        5.4803043575762880        -0.52700095579936157        1.3181149227376134     
   30.200000450015068         -2.6673539209028303        5.8018427988502586        -0.39255445670392985        1.3642244442927398     
   30.300000451505184         -2.0871696323723850        6.0685781949152089        -0.25416923789978818        1.3966587681233356     
   30.400000452995300         -1.4803118038379779        6.2772951612625727        -0.11323251277889776        1.4150923982433210     
   30.500000454485416        -0.85258227835782197        6.4253263438522072          2.8842891734853771E-002   1.4193401874878586     
   30.600000455975533        -0.21004963439811886        6.5105845729584360         0.17063269813564913        1.4093591971224566     
   30.700000457465649         0.44100883259925172        6.5315895367112464         0.31071545643189913        1.3852491308590060     
   30.800000458955765          1.0941677960032032        6.4874886527941671         0.44768679425352209        1.3472513388921008     
   30.900000460445881          1.7429166709497315        6.3780718715634093         0.58017349611231495        1.2957464019044267     
   31.000000461935997          2.3807238676101399        6.2037802018712878         0.70684727066655606        1.2312503192260660     
   31.100000463426113          3.0011018970416217        5.9657078115627185         0.82643806796520736        1.1544093393265249     
   31.200000464916229          3.5976726870874911        5.6655976173865659         0.93774681315508890        1.0659934844298624     
   31.300000466406345          4.1642324572685459        5.3058303433168668          1.0396574289810185       0.96688883413600712     
   31.400000467896461          4.6948154995065359        4.8894070913848227          1.1311480265355698       0.85808864537393725     
   31.500000469386578          5.1837562159308028        4.4199255344383488          1.2113011520503831       0.74068339768010349     
   31.600000470876694          5.6257487759608402        3.9015499051208700          1.2793129869813480       0.61584986357131488     
   31.700000472366810          6.0159037722866895        3.3389750191417669          1.3345014091306280       0.48483931355722981     
   31.800000473856926          6.3498012791763268        2.7373846329487028          1.3763128339643085       0.34896497401557214     
   31.900000475347042          6.6235397465502182        2.1024044955691288          1.4043277675109558       0.20958886364619764     
   32.000000476837158          6.8337801992399578        1.4400505110442636          1.4182650151410714        6.8108140453028432E-002
   32.100000478327274          6.9777852524902269       0.75667248093714179          1.4179845040008199       -7.4058903886872307E-002
   32.200000479817390          7.0534525017114706        5.8893945290408811E-002     1.4034886907704760      -0.21548706186944586     
   32.300000481307507          7.0593418963282701      -0.64645131539120149          1.3749225405994421      -0.35475849769639722     
   32.400000482797623          6.9946967638258624       -1.3523855155432676          1.3325720773932943      -0.49047696126379053     
   32.500000484287739          6.8594582102563244       -2.0518552023487642          1.2768615199505124      -0.62128178610940143     
   32.600000485777855          6.6542726869639459       -2.7378010335957859          1.2083490326237705      -0.74586153098399943     
   32.700000487267971          6.3804925795247263       -3.4032283122078195          1.1277211330707733      -0.86296712828089484     
   32.800000488758087          6.0401697432327390       -4.0412775796679670          1.0357858131233650      -0.97142440749841097     
   32.900000490248203          5.6360419792439691       -4.6452945629917952         0.93346444170602783       -1.0701458681719431     
   33.000000491738319          5.1715125160227613       -5.2088987693145494         0.82178253094656473       -1.1581415842331924     
   33.100000493228436          4.6506226313294423       -5.7260500286229794         0.70185945802029215       -1.2345291304586576     
   33.200000494718552          4.0780176199346645       -6.1911122986858915         0.57489724574014800       -1.2985424314702865     
   33.300000496208668          3.4589063808405989       -6.5989140667560777         0.44216851434377324       -1.3495394445501157     
   33.400000497698784          2.7990149643318429       -6.9448047099943100         0.30500372524018404       -1.3870085992195278     
   33.500000499188900          2.1045344829838464       -7.2247062105983515         0.16477784457977737       -1.4105739289952592     
   33.600000500679016          1.3820638511583601       -7.4351596620327367          2.2896560330879806E-002  -1.4199988438436069     
   33.700000502169132         0.63854787387583511       -7.5733660492080084        -0.11921780897451031       -1.4151885054799991     
   33.800000503659248        -0.11878874233016057       -7.6372208375471020        -0.26014057256866807       -1.3961907816666201     
   33.900000505149364        -0.88251083746521664       -7.6253419631370774        -0.39845894991420916       -1.3631957699057320     
   34.000000506639481         -1.6450450451415692       -7.5370908780755119        -0.53278623412715631       -1.3165338952679002     
   34.100000508129597         -2.3987541441802609       -7.3725863711100468        -0.66177569436570760       -1.2566726013887528     
   34.200000509619713         -3.1360127922772754       -7.1327109531175985        -0.78413407780673017       -1.1842116677718568     
   34.300000511109829         -3.8492838982176028       -6.8191096692168474        -0.89863457584265005       -1.0998772003074124     
   34.400000512599945         -4.5311948753005531       -6.4341812736592070         -1.0041291244992159       -1.0045143552186460     
   34.500000514090061         -5.1746130122541514       -5.9810617793771454         -1.0995599157458005      -0.89907886934667780     
   34.600000515580177         -5.7727191991043423       -5.4636004704409560         -1.1839700042776240      -0.78462748165291918     
   34.700000517070293         -6.3190792542898366       -4.8863285419285001         -1.2565129034142886      -0.66230734193572083     
   34.800000518560410         -6.8077121157638834       -4.2544206070833548         -1.3164610738904690      -0.53334451291357177     
   34.900000520050526         -7.2331541828117993       -3.5736493853626849         -1.3632132204109511      -0.39903168091880259     
   35.000000521540642         -7.5905191266732199       -2.8503339563032655         -1.3963003227922455      -0.26071519838230717     
   35.100000523030758         -7.8755525265508748       -2.0912820323251884         -1.4153903411969460      -0.11978158799167188     
   35.200000524520874         -8.0846807328996473       -1.3037267679346132         -1.4202915482577072        2.2356356194925875E-002
   35.300000526010990         -8.2150534116358127      -0.49525868259753536         -1.4109544546519726       0.16427373135278994     
   35.400000527501106         -8.2645792806335585       0.32624667080742942         -1.3874723087883982       0.30454781023923050     
   35.500000528991222         -8.2319546130666694        1.1527046111859680         -1.3500801655599721       0.44177230408898782     
   35.600000530481339         -8.1166841502304088        1.9759000847592032         -1.2991525334638039       0.57457146107048707     
   35.700000531971455         -7.9190941388101681        2.7875685118770459         -1.2351996236396692       0.70161385896178530     
   35.800000533461571         -7.6403372834686625        3.5794779375584325         -1.1588622383957472       0.82162575376698554     
   35.900000534951687         -7.2823894843789816        4.3435116772902882         -1.0709053504300683       0.93340385044213292     
   36.000000536441803         -6.8480383101776159        5.0717506365797922        -0.97221043708324717        1.0358273676896144     
   36.100000537931919         -6.3408632389621395        5.7565544778019264        -0.86376664644049583        1.1278692758538471     
   36.200000539422035         -5.7652077826040120        6.3906408111467625        -0.74666088381354123        1.2086065952376743     
   36.300000540912151         -5.1261436919665391        6.9671615979979924        -0.62206691795848079        1.2772296515753552     
   36.400000542402267         -4.4294275217848602        7.4797759748331956        -0.49123361621523720        1.3330501958499563     
   36.500000543892384         -3.6814499131558058        7.9227187336120428        -0.35547242648956634        1.3755083070255854     
   36.600000545382500         -2.8891780279888306        8.2908637304134114        -0.21614423155192336        1.4041780084641426     
   36.700000546872616         -2.0600916425931399        8.5797815375175048         -7.4645707423153185E-002   1.4187715416898554     
   36.800000548362732         -1.2021134760565186        8.7857907048465940          6.7604677408205527E-002   1.4191422546235388     
   36.900000549852848        -0.32353439248001092        8.9060020542435350         0.20918088158813125        1.4052860752973930     
   37.000000551342964         0.56706582621531976        8.9383554939736403         0.34866358677279896        1.3773415562409852     
   37.100000552833080          1.4609013889318714        8.8816489105071135         0.48465442646347745        1.3355884890577112     
   37.200000554323196          2.3490662932172710        8.7355587694370129         0.61579000515489390        1.2804451030448654     
   37.300000555813313          3.2226221831779691        8.5006521366149048         0.74075556724985803        1.2124638759057518     
   37.400000557303429          4.0726874095064183        8.1783899134950264         0.85829817870051472        1.1323259985167542     
   37.500000558793545          4.8905264130426715        7.7711211664756075         0.96723928921808844        1.0408345492064253     
   37.600000560283661          5.6676385412701054        7.2820685178838884          1.0664865490994750       0.93890644594218897     
   37.700000561773777          6.3958454039096218        6.7153046553114386          1.1550447621883573       0.82756325707343381     
   37.800000563263893          7.0673758794473489        6.0757201053899239          1.2320258651458091       0.70792096272476357     
   37.900000564754009          7.6749478990398696        5.3689825069139783          1.2966578329638547       0.58117876945520885     
   38.000000566244125          8.2118461577316744        4.6014877055734278          1.3482924214173631       0.44860709029277424     
   38.100000567734241          8.6719949351457686        3.7803030775636559          1.3864116688071191       0.31153481062361410     
   38.200000569224358          9.0500252485352242        2.9131035711267996          1.4106330917830765       0.17133596757744746     
   38.300000570714474          9.3413356099887661        2.0081010327876889          1.4207135231270156        2.9415976433714408E-002
   38.400000572204590          9.5421457162598387        1.0739674578691374          1.4165515529868824      -0.11280245788256715     
   38.500000573694706          9.6495424636470890       0.11975287202424834          1.3981885490545198      -0.25389360298585995     
   38.600000575184822          9.6615177510279597      -0.84520138871939932          1.3658082454239839      -0.39244299192201282     
   38.700000576674938          9.5769976108965711       -1.8113531782189787          1.3197349042163558      -0.52706160348153541     
   38.800000578165054          9.3958622903755469       -2.7690529535794743          1.2604300683650815      -0.65639978777378327     
   38.900000579655170          9.1189569908913892       -3.7086391966179550          1.1884879380799471      -0.77916079745179845     
   39.000000581145287          8.7480930657032907       -4.6205349092953991          1.1046294173062290      -0.89411378892741522     
   39.100000582635403          8.2860395678886167       -5.4953442289014029          1.0096948898300204       -1.0001061632261938     
   39.200000584125519          7.7365051368097753       -6.3239481980374261         0.90463579741752032       -1.0960751227486001     
   39.300000585615635          7.1041103075826157       -7.0975987232466951         0.79050510438749222       -1.1810583280612936     
   39.400000587105751          6.3943504246816998       -7.8080097645909063         0.66844674418171690       -1.2542035478616893     
   39.500000588595867          5.6135494365877676       -8.4474448165874012         0.53968415370612410       -1.3147772053497249     
   39.600000590085983          4.7688049423413537       -9.0087997686110182         0.40550801036303108       -1.3621717353018636     
   39.700000591576099          3.8679249520560939       -9.4856802699512262         0.26726329469081012       -1.3959116780629321     
   39.800000593066216          2.9193569109262061       -9.8724727709204920         0.12633580829116703       -1.4156584493319448     
   39.900000594556332          1.9321096191230260       -10.164408466363293         -1.5861717811804260E-002  -1.4212137378917074     
   40.000000596046448         0.91566875734054776       -10.357619431154664        -0.15790378512732589       -1.4125214971856552     
   40.100000597536564        -0.12009320120897438       -10.449186308253172        -0.29836641800154634       -1.3896685107412172     
   40.200000599026680         -1.1650118476047924       -10.437176987953322        -0.43584143901196770       -1.3528835257356790     
   40.300000600516796         -2.2087295619527305       -10.320675801456840        -0.56895058634148388       -1.3025349633547543     
   40.400000602006912         -3.2407971574774201       -10.099802841970304        -0.69635933160139996       -1.2391272288619368     
   40.500000603497028         -4.2507774567243297       -9.7757231213933977        -0.81679025957226448       -1.1632956583351866     
   40.600000604987144         -5.2283497834306321       -9.3506453693868128        -0.92903587571965618       -1.0758001526958272     
   40.700000606477261         -6.1634143343028605       -8.8278103832529009         -1.0319707130752707      -0.97751756281570434     
   40.800000607967377         -7.0461953857826130       -8.2114689406384116         -1.1245626170943037      -0.86943290201068113     
   40.900000609457493         -7.8673422920824967       -7.5068493915605012         -1.2058830953378834      -0.75262947398591284     
   41.000000610947609         -8.6180272424246240       -6.7201151506289980         -1.2751166282016000      -0.62827801517313853     
   41.100000612437725         -9.2900387675012759       -5.8583124135446738         -1.3315688473241059      -0.49762496028342029     
   41.200000613927841         -9.8758700175853082       -4.9293085229513096         -1.3746734996589272      -0.36197994869124850     
   41.300000615417957         -10.368800877225681       -3.9417215064765858         -1.4039981273643072      -0.22270269687953720     
   41.400000616908073         -10.762973033746961       -2.9048414033033003         -1.4192484065380802       -8.1189368533403278E-002
   41.500000618398190         -11.053457178405843       -1.8285440838905245         -1.4202711012682272        6.1141421090014830E-002
   41.600000619888306         -11.236311589519639      -0.72319834957900553         -1.4070556033501398       0.20286282621864557     
   41.700000621378422         -11.308631425555189       0.40043282611636744         -1.3797340421995679       0.34255407448901365     
   41.800000622868538         -11.268588142346861        1.5312959855230603         -1.3385799638236269       0.47881471034144474     
   41.900000624358654         -11.115458541512746        2.6581548165492510         -1.2840055920574107       0.61027863509539082     
   42.000000625848770         -10.849643055896861        3.7697006872638497         -1.2165576994868668       0.73562780294803376     
   42.100000627338886         -10.472672981553185        4.8546650090207635         -1.1369121294171769       0.85360543558517543     
   42.200000628829002         -9.9872064734170944        5.9019323227815805         -1.0458670237701893       0.96302862291590119     
   42.300000630319118         -9.3970132323443725        6.9006529850053875        -0.94433482476887742        1.0628001835933014     
   42.400000631809235         -8.7069479235610601        7.8403543222424652        -0.83333313056129033        1.1519196664010216     
   42.500000633299351         -7.9229124796537755        8.7110491275729345        -0.71397449642771127        1.2294933821952592     
   42.600000634789467         -7.0518075539160074        9.5033403873443714        -0.58745528378756839        1.2947433658077501     
   42.700000636279583         -6.1014735010204895        10.208521153243984        -0.45504366877099989        1.3470151780399129     
   42.800000637769699         -5.0806213704842094        10.818668512437936        -0.31806693054813778        1.3857844695041603     
   42.900000639259815         -3.9987545031193434        11.326730657057073        -0.17789814683260563        1.4106622404789120     
   43.000000640749931         -2.8660814205354921        11.726606113327616         -3.5942429921991953E-002   1.4213987440146618     
   43.100000642240047         -1.6934207917287256        12.013214259651960         0.10637715875248921        1.4178859931285412     
   43.200000643730164        -0.49209934786244536        12.182556341348226         0.24763387436854425        1.4001588469178539     
   43.300000645220280         0.72615630442580081        12.231766276867756         0.38641159173798589        1.3683946646687670     
   43.400000646710396          1.9493329503393284        12.159150645343118         0.52131900222765981        1.3229115313919197     
   43.500000648200512          3.1652480329921868        11.964217347404453         0.65100356224932265        1.2641650725382392     
   43.600000649690628          4.3616697855607054        11.647692539388647         0.77416505347864562        1.1927438897921696     
   43.700000651180744          5.5264390568559847        11.211525554333182         0.88956861885243665        1.1093636636640156     
   43.800000652670860          6.6475916289957784        10.658881640412547         0.99605714364510067        1.0148599819695834     
   43.900000654160976          7.7134798089200043        9.9941224676072853          1.0925628574876687       0.91017996605975870     
   44.000000655651093          8.7128920705731350        9.2227744752213034          1.1781180409996754       0.79637277871702017     
   44.100000657141209          9.6351695318382706        8.3514852551807692          1.2518647296775138       0.67457910884926608     
   44.200000658631325          10.470318069801030        7.3879682876394206          1.3130633177327118       0.54601973837132445     
   44.300000660121441          11.209114909573902        6.3409364650573279          1.3610999755991517       0.41198330586821652     
   44.400000661611557          11.843208565528366        5.2200249573970545          1.3954928067190608       0.27381338968937297     
   44.500000663101673          12.365211069046515        4.0357040831964621          1.4158966818544720       0.13289503994877230     
   44.600000664591789          12.768781483379829        2.7991829578662104          1.4221067024271210       -9.3591055660721401E-003
   44.700000666081905          13.048699783337558        1.5223047905012603          1.4140602581325217      -0.15152298239866338     
   44.800000667572021          13.200930264656094       0.21743479272342658          1.3918376581654945      -0.29217139538445752     
   44.900000669062138          13.222673744252440       -1.1026582534131018          1.3556613296934521      -0.42989430625454750     
   45.000000670552254          13.112407917268040       -2.4249256475416647          1.3058935915769283      -0.56331096964865357     
   45.100000672042370          12.869915348900452       -3.7361664588074790          1.2430330256201862      -0.69108377582009639     
   45.200000673532486          12.496298697452383       -5.0231580128751929          1.1677094816950542      -0.81193166125229854     
   45.300000675022602          11.993982888679776       -6.2727879012413670          1.0806777667774743      -0.92464295273457797     
   45.400000676512718          11.366704089208456       -7.4721862079817720         0.98281008113127022       -1.0280875161212053     
   45.500000678002834          10.619485457275854       -8.6088566338403272         0.87508727743507342       -1.1212280879650305     
   45.600000679492950          9.7585997810636247       -9.6708051953921785         0.75858903045023673       -1.2031306764056184     
   45.700000680983067          8.7915192471137846       -10.646665188039988         0.63448301575158073       -1.2729739270197193     
   45.800000682473183          7.7268527124450186       -11.525817125851750         0.50401320597942656       -1.3300573597155443     
   45.900000683963299          6.5742709826850376       -12.298502408610160         0.36848740192093127       -1.3738083940677535     
   46.000000685453415          5.3444207234978247       -12.955929516675091         0.22926412340250832       -1.4037880926338835     
   46.100000686943531          4.0488277525244758       -13.490371596988682          8.7738991396137139E-002  -1.4196955646434144     
   46.200000688433647          2.6997905727233875       -13.895254378274354         -5.4669262153770382E-002  -1.4213709858790011     
   46.300000689923763          1.3102651141904096       -14.165233439569693        -0.19653301654076311       -1.4087972044409647     
   46.400000691413879        -0.10625825087440233       -14.296259952941181        -0.33643007397214147       -1.3820999162618994     
   46.500000692903996         -1.5358842674716078       -14.285634127695404        -0.47295791723782810       -1.3415464085761071     
   46.600000694394112         -2.9644477015284019       -14.132045698659597        -0.60474777043783334       -1.2875428839047756     
   46.700000695884228         -4.3776522924527512       -13.835600924089386        -0.73047832180459571       -1.2206303913484651     
   46.800000697374344         -5.7612124054783420       -13.397835688320900        -0.84888897104045058       -1.1414794059408775     
   46.900000698864460         -7.1009959942747631       -12.821714439188190        -0.95879246835377863       -1.0508831103720913     
   47.000000700354576         -8.3831674572994253       -12.111614829179405         -1.0590868184722855      -0.94974944639954706     
   47.100000701844692         -9.5943289582650788       -11.273298070957569         -1.1487663302772995      -0.83909201560063473     
   47.200000703334808         -10.721658782159359       -10.313865160834396         -1.2269317012651415      -0.72001992065807197     
   47.300000704824924         -11.753045313611656       -9.2416992666419446         -1.2927990357147092      -0.59372664899270544     
   47.400000706315041         -12.677215254047056       -8.0663947177673769         -1.3457077061274858      -0.46147811016137819     
   47.500000707805157         -13.483854737843657       -6.7986731734721486         -1.3851269791001162      -0.32459994692379635     
   47.600000709295273         -14.163722065321684       -5.4502876795952737         -1.4106613391742868      -0.18446424716679652     
   47.700000710785389         -14.708750841402773       -4.0339154519575144         -1.4220544572597633       -4.2475789883997361E-002
   47.800000712275505         -15.112142392609528       -2.5630403458994904         -1.4191917638132554        9.9942036916754601E-002
   47.900000713765621         -15.368446431018704       -1.0518260841196907         -1.4021016009421123       0.24136150521336436     
   48.000000715255737         -15.473629040998016       0.48501858188294955         -1.3709549418474793       0.38036485983483731     
   48.100000716745853         -15.425127182086987        2.0323815090402553         -1.3260636803836823       0.51555853170661436     
   48.200000718235970         -15.221889028154477        3.5748942502341849         -1.2678775078452615       0.64558710898561422     
   48.300000719726086         -14.864399597804050        5.0970831757320152         -1.1969794082565457       0.76914692601829704     
   48.400000721216202         -14.354691272635604        6.5835231576621016         -1.1140798172889512       0.88499913388288665     
   48.500000722706318         -13.696338947059180        8.0189923063158197         -1.0200095033294554       0.99198212147060050     
   48.600000724196434         -12.894439704478369        9.3886262214308722        -0.91571124203558629        1.0890231625683089     
   48.700000725686550         -11.955577068345139        10.678070211092921        -0.80223036780935486        1.1751491721612650     
   48.800000727176666         -10.887770031324283        11.873627935742633        -0.68070429688353118        1.2494964641016997     
   48.900000728666782         -9.7004072200569365        12.962404955099103        -0.55235112702561584        1.3113194122976832     
   49.000000730156898         -8.4041667052315372        13.932445691559529        -0.41845742812439451        1.3599979285664219     
   49.100000731647015         -7.0109221153146226        14.772862374605868        -0.28036534603822050        1.3950436821569239     
   49.200000733137131         -5.5336358558407550        15.473954596584418        -0.13945914897178222        1.4161049985598606     
   49.300000734627247         -3.9862403731243239        16.027318190414253          2.8486487600046517E-003   1.4229703884610339     
   49.400000736117363         -2.3835085302003334        16.425942233666646         0.14513144648227463        1.4155706714264442     
   49.500000737607479        -0.74091428235710755        16.664293090238385         0.28596285848024605        1.3939796729938854     
   49.600000739097595         0.92551505149846269        16.738384519578144         0.42393101352181317        1.3584134881470542     
   49.700000740587711          2.5993535283984137        16.645833013049174         0.55765270922993271        1.3092283185200118     
   49.800000742077827          4.2639368545075556        16.385897656335995         0.68578727940358974        1.2469169049783608     
   49.900000743567944          5.9025266445580451        15.959503964531478         0.80705003526026853        1.1721035913054023     
   50.000000745058060          7.4984770647927075        15.369251291280223         0.92022514584081805        1.0855380684455931     
   50.100000746548176          9.0354022168226997        14.619403573627350          1.0241778284366267       0.98808786198628318     
   50.200000748038292          10.497342595970043        13.715863338481281          1.1178657268128231       0.88072963815930860     
   50.300000749528408          11.868928950256400        12.666129063242018          1.2003493631405044       0.76453941549024107     
   50.400000751018524          13.135541875454605        11.479236150530296          1.2708015588342125       0.64068178019615418     
   50.500000752508640          14.283465507613029        10.165681943411354          1.3285157298249830       0.51039821342264124     
   50.600000753998756          15.300033717102210        8.7373353713660293          1.3729129730807106       0.37499464731733179     
   50.700000755488873          16.173767267258455        7.2073319768569810          1.4035478733012459       0.23582837467099577     
   50.800000756978989          16.894500475683916        5.5899552260303444          1.4201129715441059        9.4294443340925738E-002
   50.900000758469105          17.453496006616632        3.9005051532871855          1.4224418509493744       -4.8188328160373689E-002
   51.000000759959221          17.843546527757557        2.1551555266177864          1.4105108085948235      -0.19019157372693216     
   51.100000761449337          18.059062083630767       0.37080084725307438          1.3844390966855662      -0.33029169879126397     
   51.200000762939453          18.096142168908610       -1.4351053880201019          1.3444877306245415      -0.46708415197962200     
   51.300000764429569          17.952631627968128       -3.2447196318763161          1.2910568758771026      -0.59919750621601997     
   51.400000765919685          17.628159659945489       -5.0399828214246343          1.2246818397908588      -0.72530720810718741     
   51.500000767409801          17.124161370292864       -6.8027988136871880          1.1460277085179020      -0.84414885776257631     
   51.600000768899918          16.443881478787183       -8.5152149762334624          1.0558826827704035      -0.95453088590748003     
   51.700000770390034          15.592359968475177       -10.159603148615474         0.95515017918610290       -1.0553465011861345     
   51.800000771880150          14.576399638474642       -11.718839168697420         0.84483977645664166       -1.1455847878648400     
   51.900000773370266          13.404515704142469       -13.176479154265412         0.72605709695492915       -1.2243408426593838     
   52.000000774860382          12.086867769081444       -14.516930744653944         0.59999272527161518       -1.2908248490410481     
   52.100000776350498          10.635174672984137       -15.725617539572925         0.46791027472826752       -1.3443699980247152     
   52.200000777840614          9.0626128955938476       -16.789135022718984         0.33113372147916320       -1.3844391760043324     
   52.300000779330730          7.3836993683041889       -17.695396325782713         0.19103413315901627       -1.4106303525593573     
   52.400000780820847          5.6141597093577218       -18.433766273615703          4.9015925106816127E-002  -1.4226806141869248     
   52.500000782310963          3.7707830545276995       -18.995182252917225         -9.3497218064673704E-002  -1.4204688034877153     
   52.600000783801079          1.8712648009309498       -19.372260563988899        -0.23507661442585315       -1.4040167373128214     
   52.700000785291195         -6.5961284334857817E-002  -19.559387046870395        -0.37430290714212483       -1.3734889916241657     
   52.800000786781311         -2.0219000181676554       -19.552790918338619        -0.50978029375971334       -1.3291912551894118     
   52.900000788271427         -3.9771791391374460       -19.350600913508988        -0.64015051971454207       -1.2715672685797967     
   53.000000789761543         -5.9122392593229876       -18.952882993668783        -0.76410649577334200       -1.2011943791220667     
   53.100000791251659         -7.8075275869318626       -18.361659058926563        -0.88040540288274038       -1.1187777563315229     
   53.200000792741776         -9.6436935201855221       -17.580906288599255        -0.98788115303739710       -1.0251433257829741     
   53.300000794231892         -11.401784175243039       -16.616536922210479         -1.0854560812308844      -0.92122949222550354     
   53.400000795722008         -13.063437892224655       -15.476358487696192         -1.1721517512582738      -0.80807773488655810     
   53.500000797212124         -14.611073764055845       -14.170014679007688         -1.2470987670201037      -0.68682216921924277     
   53.600000798702240         -16.028075253071581       -12.708907280829907         -1.3095454909445401      -0.55867817971046974     
   53.700000800192356         -17.298966000092321       -11.106099731639056         -1.3588655820982223      -0.42493023768283900     
   53.800000801682472         -18.409575989805603       -9.3762031058523547         -1.3945642783867238      -0.28691902619641552     
   53.900000803172588         -19.347196314362471       -7.5352454794393884         -1.4162833598341682      -0.14602800110594411     
   54.000000804662704         -20.100720873534801       -5.6005258191735727         -1.4238047431521479       -3.6695229848110467E-003
   54.100000806152821         -20.660773463797593       -3.5904537018676845         -1.4170526715281728       0.13872930106750900     
   54.200000807642937         -21.019818839334555       -1.5243763247009738         -1.3960944776459010       0.27974092380588944     
   54.300000809133053         -21.172256474076150       0.57760559055445260         -1.3611399122522019       0.41795166899010833     
   54.400000810623169         -21.114495914160006        2.6948312695111882         -1.3125390449663079       0.55197590383635486     
   54.500000812113285         -20.845012783193276        4.8062808923902391         -1.2507787583397492       0.68046993068738870     
   54.600000813603401         -20.364384686792334        6.8907822017710565         -1.1764778702789518       0.80214545863033437     
   54.700000815093517         -19.675306456347162        8.9272207007955870         -1.0903809336939250       0.91578251999863758     
   54.800000816583633         -18.782584372965008        10.894751375748795        -0.99335077549848982        1.0202417022563688     
   54.900000818073750         -17.693109219155684        12.773009841033527        -0.88635984972706106        1.1144755726231161     
   55.000000819563866         -16.415808216019062        14.542320789313884        -0.77048049142333819        1.1975391808874161     
   55.100000821053982         -14.961576115417927        16.183901635377250        -0.64687416897819694        1.2685995350949710     
   55.200000822544098         -13.343185927764310        17.680059269213530        -0.51677984263705645        1.3269439550921975     
   55.300000824034214         -11.575179974497615        19.014377881872857        -0.38150154586034468        1.3719872201527741     
   55.400000825524330         -9.6737421579766991        20.171895896570980        -0.24239531401449713        1.4032774390020843     
   55.500000827014446         -7.6565525382611339        21.139270126783650        -0.10085559141705017        1.4205005833606161     
   55.600000828504562         -5.5426254940828024        21.904925392018917          4.1698747007836157E-002   1.4234836395241335     
   55.700000829994678         -3.3521329222400280        22.459187949686353         0.18383861934015264        1.4121963463514777     
   55.800000831484795         -1.1062140938045948        22.794401246905423         0.32413906295554207        1.3867515022013306     
   55.900000832974911          1.1732260648522521        22.905022657934271         0.46119351987901769        1.3474038377051227     
   56.000000834465027          3.4637283647768227        22.787700049700803         0.59362793798919988        1.2945474656406846     
   56.100000835955143          5.7424984037032223        22.441327208061765         0.72011454670389097        1.2287119334360841     
   56.200000837445259          7.9866311579495823        21.867077359134452         0.83938516903759797        1.1505569178423680     
   56.300000838935375          10.173338926447512        21.068414231438485         0.95024393656603201        1.0608656149271687     
   56.400000840425491          12.280180380985744        20.051080323634277          1.0515792798151342       0.96053689162187450     
   56.500000841915607          14.285288443227611        18.823062267236807          1.1423750738528600       0.85057627747214537     
   56.600000843405724          16.167594697999839        17.394533401627307          1.2217208273280404       0.73208588687048137     
   56.700000844895840          17.907048064082446        15.777773907735730          1.2888208127872907       0.60625337277372970     
   56.800000846385956          19.484825478366734        13.987069074643905          1.3430020467120658       0.47434002262030051     
   56.900000847876072          20.883532406673481        12.038586497772579          1.3837210392472343       0.33766811576408129     
   57.000000849366188          22.087391074389632        9.9502332259863433          1.4105692459243804       0.19760766914831596     
   57.100000850856304          23.082414411815268        7.7414940856346028          1.4232771666938573        5.5562704078778530E-002
   57.200000852346420          23.856563831914453        5.4332526100575986          1.4217170511389758       -8.7042828240128822E-002
   57.300000853836536          24.399889101016392        3.0475961913171030          1.4059041827177119      -0.22877932131837886     
   57.400000855326653          24.704648724689374       0.60760724485679596          1.3759967291218818      -0.36822584504442785     
   57.500000856816769          24.765409450080458       -1.8628576644249368          1.3322941602180909      -0.50398439072691881     
   57.600000858306885          24.579123680862089       -4.3393986463363188          1.2752342493947859      -0.63469388670526672     
   57.700000859797001          24.145183809762251       -6.7973110510482755          1.2053886883414930      -0.75904384401688929     
   57.800000861287117          23.465452694528640       -9.2118294680036286          1.1234573591874162      -0.87578749531401689     
   57.900000862777233          22.544269734001581       -11.558374772422741          1.0302613213876441      -0.98375429529976788     
   58.000000864267349          21.388432239535987       -13.812801779416478         0.92673458363130012       -1.0818616573506517     
   58.100000865757465          20.007152041011661       -15.951645035241324         0.81391474322788471       -1.1691258086467606     
   58.200000867247581          18.411987513717726       -17.952360269155470         0.69293258678365333       -1.2446716549649295     
   58.300000868737698          16.616751460051077       -19.793559047963242         0.56500075639528180       -1.3077415562155497     
   58.400000870227814          14.637395525760052       -21.455234218729238         0.43140159495887198       -1.3577029247210481     
   58.500000871717930          12.491872071916339       -22.918973793116663         0.29347429242455392       -1.3940545700338551     
   58.600000873208046          10.199974658452740       -24.168161018922635         0.15260146183801135       -1.4164317266557218     
   58.700000874698162          7.7831585205471105       -25.188158499967056          1.0195279729861950E-002  -1.4246097142225735     
   58.800000876188278          5.2643426330171241       -25.966474363619575        -0.13231667021539784       -1.4185061934273557     
   58.900000877678394          2.6676951579621044       -26.492908634765769        -0.27350570830107868       -1.3981819950301380     
   59.000000879168510          1.8404255008017234E-002  -26.759678154537156        -0.41195638130528511       -1.3638405136089788     
   59.100000880658627         -2.6575636003207261       -26.761518580065381        -0.54628065273055104       -1.3158256720933146     
   59.200000882148743         -5.3337154982050343       -26.495762216073231        -0.67513181855556059       -1.2546184774496980     
   59.300000883638859         -7.9832917592941204       -25.962390658304873        -0.79721800897667738       -1.1808322020139159     
   59.400000885128975         -10.579530863811584       -25.164061470479428        -0.91131514077396791       -1.0952062387422734     
   59.500000886619091         -13.095937048356900       -24.106108368333540         -1.0162791904405133      -0.99859869195000139     
   59.600000888109207         -15.506547921111155       -22.796514643983382         -1.1110576650199016      -0.89197777778302323     
   59.700000889599323         -17.786199419478947       -21.245859828765710         -1.1947001556366943      -0.77641212060359799     
   59.800000891089439         -19.910785434014315       -19.467239860314312         -1.2663678678977905      -0.65306004254097416     
   59.900000892579556         -21.857509449054195       -17.476161287243499         -1.3253420335968307      -0.52315795355414152     
   60.000000894069672         -23.605125603820056       -15.290410309767854         -1.3710311193663354      -0.38800795837381763     
   60.100000895559788         -25.134166657581329       -12.929897714211471         -1.4029767599807628      -0.24896480454450176     
   60.200000897049904         -26.427156448269525       -10.416481011000512         -1.4208583567972357      -0.10742230239600603     
   60.300000898540020         -27.468804564891343       -7.7737653267940274         -1.4244962952011975        3.5200646928948670E-002
   60.400000900030136         -28.246181109154559       -5.0268848293731843         -1.4138537487675771       0.17747427533184323     
   60.500000901520252         -28.748869599582520       -2.2022666763676386         -1.3890370520154169       0.31797228091230229     
   60.600000903010368         -28.969096270500916       0.67262032642976743         -1.3502946379833114       0.45528612673172741     
   60.700000904500484         -28.901834236855656        3.5695299966471765         -1.2980145512405834       0.58803916184065286     
   60.800000905990601         -28.544881231871923        6.4597134633998312         -1.2327205612306493       0.71490042300207568     
   60.900000907480717         -27.898909875906217        9.3142016291222109         -1.1550669148753141       0.83459797874049857     
   61.000000908970833         -26.967489699114754        12.104092658285449         -1.0658317810111213       0.94593168193114652     
   61.100000910460949         -25.757080415249707        14.800841668381615        -0.96590945234458170        1.0477852030698611     
   61.200000911951065         -24.276996226356573        17.376549748287626        -0.85630138307061932        1.1391372235721551     
   61.300000913441181         -22.539341225634733        19.804249407098826        -0.73810615197300511        1.2190716768676000     
   61.400000914931297         -20.558916255414218        22.058183563248534        -0.61250845159983536        1.2867869345987706     
   61.500000916421413         -18.353097866220111        24.114075219425128        -0.48076721387322630        1.3416038458067228     
   61.600000917911530         -15.941690308344825        25.949385033395387        -0.34420299115240249        1.3829725484814963     
   61.700000919401646         -13.346751766337690        27.543554087984841        -0.20418471923641093        1.4104779851611526     
   61.800000920891762         -10.592396316496112        28.878229284506819         -6.2115994991911727E-002   1.4238440672530692     
   61.900000922381878         -7.7045733450135145        29.937468931940330          8.0578993839303753E-002   1.4229364462963858     
   62.000000923871994         -4.7108264072091766        30.707926277922390         0.22246974560807914        1.4077638643488675     
   62.100000925362110         -1.6400337336585618        31.179008925662984         0.36213378537950652        1.3784780699250363     
   62.200000926852226          1.4778672053680806        31.343012301472680         0.49817092544524288        1.3353723002924298     
   62.300000928342342          4.6121684822200759        31.195225578733677         0.62921730276288623        1.2788783453051249     
   62.400000929832458          7.7316910865779516        30.734008723639004         0.75395905259150087        1.2095622221741360     
   62.500000931322575          10.805092004739095        29.960839603460091         0.87114548123599644        1.1281185045003899     
   62.600000932812691          13.801176009730234        28.880330386885340         0.97960160583107225        1.0353633623880776     
   62.700000934302807          16.689209091453815        27.500212765346962          1.0782399354375642       0.93222638337902863     
